 x_max:    1.8906249999999999E-004
 mu_F:    90.349072989622101     
 pdf_label:          82

 Parameters:
  0.41000988645722197       0.47574873959384495        1.2448492136145624        1.1715981842432570        1.6017846548901087        1.6017846548901087        1.6017846548901087       0.39736132591520434       0.40676550332707317       0.49422070169370558       0.48993707336352960       0.52841348622189510       0.52841348622189510       0.52841348622189510     
  0.22539071290780344       0.23362442372069014       0.38924701039362408       0.31107549093012898        7.3738155161442442E-002   7.3738155161442442E-002   7.3738155161442442E-002  0.22571787500576423       0.23118610020932162       0.25601122629259465       0.25493692052213790       0.26189249386859981       0.26189249386859981       0.26189249386859981     
   5.1797129500911279        5.0757123014794470        4.8419128717266240        4.2630356411096235        4.7643210625289374        4.7643210625289374        4.7643210625289374        5.1669910459656396        5.1353988029294175        5.3934455813097202        5.3603721824981356        5.1018046497261613        5.1018046497261613        5.1018046497261613     
   15.397707158222062        17.324185658795628        4.4665009200984329        4.5436209364117808        2.4692794663053093        2.4692794663053093        2.4692794663053093        16.142817518141285        15.492487441037945        18.696662706168574        18.912161757489976        14.549228699260844        14.549228699260844        14.549228699260844     
   4.6834699954790153        3.1081406142821137        1.0746921725333820       0.15543510713548159       -1.3527607628527889       -1.3527607628527889       -1.3527607628527889        4.9160860086700211        4.9850312680620164        3.5582633570992570        3.5753178686382086        3.4119797511334014        3.4119797511334014        3.4119797511334014     
  -9.6727131908407529       -18.403254479702525       -2.8522485920104117       -1.7117695709774807       0.90469625332903547       0.90469625332903547       0.90469625332903547       -9.9370923462602860       -10.553526971336765       -26.365533759149876       -26.633896321647818       -17.093294620113113       -17.093294620113113       -17.093294620113113     
  -28.009276686620375       -12.081004570908249       -6.5976391887499233       -5.5429380321682800       0.59184769088574285       0.59184769088574285       0.59184769088574285       -31.933386357155356       -29.488849856628697      -0.54925828459136028       -1.6805582700582136       -8.2826409853449974       -8.2826409853449974       -8.2826409853449974     
   52.912946063838291        36.803081096040444        10.444337335401684        4.2135016601822173       0.77297400960924278       0.77297400960924278       0.77297400960924278        57.520179975512946        54.447642896806883        41.172729338934829        42.212638447455333        32.154148255552883        32.154148255552883        32.154148255552883     

  0.78305603056476902       0.72739582445156281       0.63989480509368568       0.60710915447835778       0.61064910894306601       0.61064910894306601       0.61064910894306601       0.91118134237347803       0.96542094678740686       0.68887977262857858       0.67413509716801179       0.66371296517380685       0.66371296517380685       0.66371296517380685     
  0.36406437138534842       0.34928644671501896       0.25100456854612951       0.26545612394067231       0.16981590839635019       0.16981590839635019       0.16981590839635019       0.40355317119145995       0.41256757729480764       0.33040945998364335       0.32412613617409369       0.32190201391164575       0.32190201391164575       0.32190201391164575     
   4.7542332847189552        4.8952739001366163        4.8333998932537128        5.1045004849179909        6.2876421885679790        6.2876421885679790        6.2876421885679790        4.6802358089150609        4.9066084238089758        5.2110659418975835        5.2098677091748016        5.2624306236715253        5.2624306236715253        5.2624306236715253     
  -2.7419872411386024       -1.6393038644400697        4.1466228509696563        4.2515761819979261      -0.37181743848775284      -0.37181743848775284      -0.37181743848775284       -3.8153540788033133       -3.9025038620261476        2.2044434761500469        2.3577927579718576        2.2040907511896748        2.2040907511896748        2.2040907511896748     
   1.1332854583915406        1.1062887093364893      -0.86659800718603464      -0.64815561524770970        1.5733223439477015        1.5733223439477015        1.5733223439477015        1.1372127701425470        1.0073846131266038       0.36367351874339704       0.35015845008786783       0.43305221759121082       0.43305221759121082       0.43305221759121082     
   1.1530573081506503       0.13665296115868841       0.53919475335861478        1.8013803984564447        4.6429653790817298        4.6429653790817298        4.6429653790817298        1.6286400891346631        2.6536178628293356       0.16495665975476470       0.15911250100479890       0.53923705188002202       0.53923705188002202       0.53923705188002202     
   14.027247060104955        13.699337823867594      -0.21705210359046134      -0.14984857713321276       0.37922930107048103       0.37922930107048103       0.37922930107048103        15.596190715298064        15.986263528391007       0.10057607543473068      -0.15744479273406853      -0.27250522615118200      -0.27250522615118200      -0.27250522615118200     
  -18.451676932559209       -17.822329835995760       -7.3636735794804338       -9.1817528521193310       -1.2583835522180493       -1.2583835522180493       -1.2583835522180493       -19.610489235785295       -20.858333391045491       -4.0459339257211440       -3.8280252584592347       -3.7068550244195109       -3.7068550244195109       -3.7068550244195109     

  0.14378892610320879       0.19302790415284699       0.53647728690923568       0.58969519735572440       0.17959097265999352       0.17959097265999352       0.17959097265999352       0.14124590963926334       0.19967260767764702       0.18588327708471367       0.16647484594328296       0.18722671414859934       0.18722671414859934       0.18722671414859934     
 -0.35432131910654968      -0.30771326315607767       -2.0568695555337912E-002  0.30946034331291239        1.1905410529265015        1.1905410529265015        1.1905410529265015      -0.35393103877574805      -0.31313175612651695      -0.32034091011230748      -0.33260142997712816      -0.31917089104389312      -0.31917089104389312      -0.31917089104389312     
   9.8472877733259843        11.423477449354827        11.443162046990473        11.899283619756083        11.767512371389152        11.767512371389152        11.767512371389152        9.7055371474074832        11.020338125607793        9.4648914710145231        8.4881301255825150        6.0295570166452670        6.0295570166452670        6.0295570166452670     
   7.3471007098769761        12.763904481708856       0.92389469489147658        5.1704288008976356        15.686509610532944        15.686509610532944        15.686509610532944        5.9082171521077882        17.932057748737478        8.8671000418502963        5.0936290346907462        4.2542923135267685        4.2542923135267685        4.2542923135267685     
  -2.4879524637202124       -3.3965178658351576       -2.0147910734769425       -2.6911869660295906E-002   13.359048852852766        13.359048852852766        13.359048852852766       -2.1802042665973573       -4.2759599819788576       -3.3917482964991805       -2.6713967348244907       -3.2581284235779648       -3.2581284235779648       -3.2581284235779648     
   1.1783385011691365       -14.824097166131580       -1.0641163200342731       -20.339190545867794        21.698600224068485        21.698600224068485        21.698600224068485      -0.26419283067612298       -24.516548404939243        1.1567686580733465        1.3320718998705843        9.8669882564894493        9.8669882564894493        9.8669882564894493     
  -44.148004139350249       -19.675369976200869        5.7945766751307985       -6.9381492751603560        21.037842610030211        21.037842610030211        21.037842610030211       -28.365066944287548       -24.223524818958353       -40.988212271495364       -16.271646488443679       -36.292525976690591       -36.292525976690591       -36.292525976690591     
   76.139539712954786        73.934118488238937        16.036594562277230        70.976789119983266        25.248152718029559        25.248152718029559        25.248152718029559        55.755577241386391        87.226251969362750        60.221396894377051        22.618391087486728        30.195235162521328        30.195235162521328        30.195235162521328     

  0.18560911026545351       0.16836047435198834       0.54908614906826603       0.62792640588964477       0.56450339931248861       0.56450339931248861       0.56450339931248861       0.17581819761697209       0.18470931298091339       0.19114861054073592       0.17159306871867980       0.18353607024118379       0.18353607024118379       0.18353607024118379     
 -0.32008374273324730      -0.31856037446802332       -1.8878330843128066E-002  0.38717500896570867       0.74309316860939112       0.74309316860939112       0.74309316860939112      -0.32767307520869943      -0.31987943852718076      -0.31594300701004996      -0.32915039961587222      -0.32172390937881429      -0.32172390937881429      -0.32172390937881429     
   11.999572220134347        11.999826481413320        10.088107640424928        11.964661950457284        10.224480396522187        10.224480396522187        10.224480396522187        11.771996173084904        11.903155214855650        11.974344812652159        11.482602614029915        10.608166564804883        10.608166564804883        10.608166564804883     
   10.166257208221150        6.6219857556795851        2.1857300317039687        10.307262938482559        2.5395035773141359        2.5395035773141359        2.5395035773141359        9.6122482396949493        8.6939478514522754        7.7290010671563216        6.3462851552585597        6.8879150547021304        6.8879150547021304        6.8879150547021304     
  -3.2992517177896588       -2.1792260183347238       -2.2717743002267596       0.13186101144736995       -1.1790277687408945       -1.1790277687408945       -1.1790277687408945       -3.1577490942380209       -3.1812780593006451       -3.1621288532815157       -2.7081228189544575       -3.1691854557791785       -3.1691854557791785       -3.1691854557791785     
   8.7486252138349414        9.2322636825693110        3.8524295166975975       -12.518111771939786      -0.92882936633395730      -0.92882936633395730      -0.92882936633395730        9.3694795890415890        13.439457392053725        14.134276660517429        15.034762900802122        24.465064229178125        24.465064229178125        24.465064229178125     
 -0.39866813976999538        3.0316192674544311        7.3868547540783851       -15.863978550831376       -1.8527529045029496       -1.8527529045029496       -1.8527529045029496        3.8573609684095658       -2.0014933923584692        6.3821808925536061        7.6430030921669925       -48.987011573802029       -48.987011573802029       -48.987011573802029     
  -37.973797170340866       -23.506091075194234       -25.596793395159295        9.2690606990505415       -3.5217909229176030       -3.5217909229176030       -3.5217909229176030       -48.023076318443792       -46.624889975728827       -56.763813876392774       -62.989658917299955        1.9259709246907732        1.9259709246907732        1.9259709246907732     

  0.20027475824952337       0.13060802626447940       0.30110197211291090       0.36275149602631102       0.42269016004487603       0.42269016004487603       0.42269016004487603       0.17175741816902157       0.16558677138001238       0.18700268433339454       0.17522628553051020       0.19223634120089847       0.19223634120089847       0.19223634120089847     
 -0.30207169308792586      -0.34691901889399529      -0.13943503654929845       0.40641235024008671       0.95377354653964619       0.95377354653964619       0.95377354653964619      -0.32484705648772616      -0.32659638817461994      -0.31325762840799082      -0.32082380544352679      -0.31121048312183008      -0.31121048312183008      -0.31121048312183008     
   11.577446791204645        11.350345586674894        10.558249523751558        11.267379203133121        10.505637205107735        10.505637205107735        10.505637205107735        11.952215855435123        4.2048203699513778        10.625433197585007        11.923864719950487        11.734684419041917        11.734684419041917        11.734684419041917     
   17.399203417838571        4.2760576196639022        5.6959196642489935        2.8302926069091292        3.0375908754059431        3.0375908754059431        3.0375908754059431        17.816387563459358        11.577695347641573        16.879369577072922        13.932462449839164        18.503795626630804        18.503795626630804        18.503795626630804     
  -5.2931503875368193       -2.6549938925080099       -3.2227272863427885        1.7265063325221490      -0.97033517611853171      -0.97033517611853171      -0.97033517611853171       -5.0078356565423192       -4.6520643368421446       -5.1721256499300381       -4.6302504802667883       -5.4155675944253048       -5.4155675944253048       -5.4155675944253048     
  -7.8616939584557031        5.2553642668681562       -5.1206277551165726       -16.407610037058348        6.9630744643234266E-003   6.9630744643234266E-003   6.9630744643234266E-003  -12.145616741761287       -14.240731720699912       -12.655312825490654       -5.7118945901959108       -10.275718253276807       -10.275718253276807       -10.275718253276807     
  -49.683807688054522        1.7185935998158470        10.903688531165727       -12.571804580257222       -3.2403741423536303E-002  -3.2403741423536303E-002  -3.2403741423536303E-002  -42.404775990016432        3.5625014548467675       -26.108398555377576       -21.646503285813793       -46.626409115306473       -46.626409115306473       -46.626409115306473     
   72.461747763229909       -10.940178239592157       -9.0720221690265106        46.572806656468941      -0.10426445065435530      -0.10426445065435530      -0.10426445065435530        75.210092569519986        3.7623335604771881        40.537640047825647        30.434228218869748        71.074117378831716        71.074117378831716        71.074117378831716     

   1.5148115576544230        1.0722689288180878       0.87170009264588277       0.77536514200890905       0.44249269832978833       0.44249269832978833       0.44249269832978833        2.6172517114756455        3.2046253086984011        3.3386261746102570        3.4327564526092442        3.4420531009682382        3.4420531009682382        3.4420531009682382     
 -0.44372874031495529      -0.49660367825962098      -0.52259964918516610      -0.41033486301973454      -0.12658305838639683      -0.12658305838639683      -0.12658305838639683      -0.37788143755183295      -0.35442798587009638      -0.34961684654270014      -0.34713919198699661      -0.34726929212661967      -0.34726929212661967      -0.34726929212661967     
   8.7950577654956739        7.6499009002089782        8.6551182787630250        8.2952248906783659        7.1410321060069961        7.1410321060069961        7.1410321060069961        11.657485374355634        11.954794704226785        11.931854481616361        11.999257494662226        11.999819772345839        11.999819772345839        11.999819772345839     
  0.74779979845358469        1.8176389363105088        1.0121497540244917       -2.0135814170812516        12.542656991920815        12.542656991920815        12.542656991920815        24.880264638274966        36.930384954321887        37.171524325782251        38.341948228539721        38.581155627635212        38.581155627635212        38.581155627635212     
  -2.7520860089779475       -1.9916183963496579       -1.1842455080076419       0.84861176164828578       -6.8247038050535878       -6.8247038050535878       -6.8247038050535878       -6.0471887555194073       -7.4170683864319500       -7.5384605623260867       -7.7165346420769438       -7.7685474475201701       -7.7685474475201701       -7.7685474475201701     
   26.991669437379102        2.0181439675642139      -0.15332162562587826       -2.1114721082244614        22.231588857054092        22.231588857054092        22.231588857054092       -38.673266151566160       -85.154400178853038       -84.039613586683345       -86.681540170509948       -85.685536395252001       -85.685536395252001       -85.685536395252001     
  -71.511318972478335       -3.3386373386140491        2.1148325519371127       0.51621465345333206       -38.367039190124039       -38.367039190124039       -38.367039190124039       -8.2342667695753562        72.710340866611602        68.293363624816379        69.799425693133259        62.880983057447423        62.880983057447423        62.880983057447423     
   62.990310236388325        4.8832780481828166        8.6753511183514149        16.931666616097289        13.497390672209434        13.497390672209434        13.497390672209434        70.028197876376566        17.264507880009845        20.390927739742892        21.147167317330755        30.050298764125742        30.050298764125742        30.050298764125742     

  0.11039749625989387       0.13311461698077576       0.49421888989532198       0.53033617359213248       0.43842204983203908       0.43842204983203908       0.43842204983203908       0.10682023306273297       0.11870829923641604       0.10562156333698056       0.13244444955087742       0.10957666492437151       0.10957666492437151       0.10957666492437151     
 -0.35783215776540145      -0.32124047994700305        5.5557726422280629E-002  0.70600228993159231        1.0470157250747345        1.0470157250747345        1.0470157250747345      -0.36318917007874874      -0.34943287551446078      -0.36117954316480866      -0.33766267006769474      -0.35808408765656941      -0.35808408765656941      -0.35808408765656941     
   11.889129357816410        10.450698934451566        11.974353565159682        11.924993781915520        10.662203236196277        10.662203236196277        10.662203236196277        11.930322850360131        11.961879148776207        11.975212410196107        11.995951220834497        11.879193258749423        11.879193258749423        11.879193258749423     
   9.0953928278700715        6.8991060094449139       0.89420273450638987        4.4734967225445033        2.8644286211788170        2.8644286211788170        2.8644286211788170        5.0635206985230816        10.555316292051970        3.0298781144613258        13.466834975141751        5.1644907649427516        5.1644907649427516        5.1644907649427516     
  -4.1045550942061340       -4.1748828509899738       -3.1929906885077912       0.19444486475487821       -1.0941227943582916       -1.0941227943582916       -1.0941227943582916       -3.7863325501170735       -4.4537248169636996       -3.2193307154406412       -5.0717352521150971       -3.6306941132168333       -3.6306941132168333       -3.6306941132168333     
   1.7499728950877795        8.5849137416129508        3.9937498425708355       -17.170788403168132      -0.22907197981027139      -0.22907197981027139      -0.22907197981027139        11.133975807846682        3.7540973496810324        5.8338206547124543        2.3634488502930822        6.5843706297182507        6.5843706297182507        6.5843706297182507     
  -31.127027081467240       -37.358394069022310        13.221360169689277       -17.277551937771506      -0.34976525514106527      -0.34976525514106527      -0.34976525514106527        2.6551414473635049       -51.063690615776757        6.5357338935769604       -62.725034370841470       -8.6509425663360702       -8.6509425663360702       -8.6509425663360702     
   42.910894028682492        35.304572245897972       -19.090759690474087        55.764098448887950      -0.52465985187113517      -0.52465985187113517      -0.52465985187113517       -49.113884904279836        66.251871003112143       -9.5484869355120594        78.221045755681587       0.45353762372057815       0.45353762372057815       0.45353762372057815     

   5.7359759521063050E-002  0.12172030871240692       0.62546376296560313       0.52207306764160055       -6.6609831403576097E-002  -6.6609831403576097E-002  -6.6609831403576097E-002   5.9910116709645182E-002   6.7653045840148224E-002   7.7772229112465979E-002   7.6509710323908839E-002   7.8732804246604352E-002   7.8732804246604352E-002   7.8732804246604352E-002
 -0.40642643730878147      -0.27065205057125397       0.22313335199442097        1.3402210880115792        1.3638226428312883        1.3638226428312883        1.3638226428312883      -0.40264899085313799      -0.38427887377024672      -0.36943443070135024      -0.37151656214279410      -0.36942114308452118      -0.36942114308452118      -0.36942114308452118     
   11.630380479554130        11.993253955667853        11.874247136958047        11.523242805038992        11.354771264357456        11.354771264357456        11.354771264357456        11.969063243049961        11.955220186873584        11.978747805490158        11.641191800261833        11.978585974448185        11.978585974448185        11.978585974448185     
   3.8372656801463201        5.7450793394872726       -3.1033321737119692        7.4196344853621063       -1.4008666059109771       -1.4008666059109771       -1.4008666059109771        10.690456546874845        6.0101298619016923        11.299538600672047        7.8123244406142511        12.296035299888466        12.296035299888466        12.296035299888466     
  -3.5989946024394612       -4.6487853202462901       -3.4799609333167680       -3.6831165718851366E-002  -3.7276192722226469       -3.7276192722226469       -3.7276192722226469       -4.2828262585077255       -4.1892242197892031       -5.0439764379425114       -4.7799381977018598       -5.2057515543697264       -5.2057515543697264       -5.2057515543697264     
   9.4681784907326545        11.144746177515188        26.605182162980128       -10.868263475536267       -6.5667050593765595       -6.5667050593765595       -6.5667050593765595       -14.515932115586196        8.6121923727139631        1.2249152614687375        14.314288766206900        3.5278581296497578        3.5278581296497578        3.5278581296497578     
  -2.7662358739973456       -8.8069228608928256       -25.608372611219295       -17.868987916796442       -10.478001931178412       -10.478001931178412       -10.478001931178412        26.117184766495853       -9.6328970137860495       -24.781849488995022       -41.601712201971232       -53.163201579725843       -53.163201579725843       -53.163201579725843     
  -20.090343049057296       -19.800604976861507       -1.0951197813705278        18.493439126375307       -18.310650970706774       -18.310650970706774       -18.310650970706774       -21.592420130564420       -9.4303064828055767        21.166014060531836        22.098129761032197        63.966268194492727        63.966268194492727        63.966268194492727     


  0.39736132591520434       0.40676550332707317       0.49422070169370558       0.48993707336352960       0.52841348622189510       0.52841348622189510       0.52841348622189510       0.41000988645722197       0.47574873959384495        1.2448492136145624        1.1715981842432570        1.6017846548901087        1.6017846548901087        1.6017846548901087     
  0.22571787500576423       0.23118610020932162       0.25601122629259465       0.25493692052213790       0.26189249386859981       0.26189249386859981       0.26189249386859981       0.22539071290780344       0.23362442372069014       0.38924701039362408       0.31107549093012898        7.3738155161442442E-002   7.3738155161442442E-002   7.3738155161442442E-002
   5.1669910459656396        5.1353988029294175        5.3934455813097202        5.3603721824981356        5.1018046497261613        5.1018046497261613        5.1018046497261613        5.1797129500911279        5.0757123014794470        4.8419128717266240        4.2630356411096235        4.7643210625289374        4.7643210625289374        4.7643210625289374     
   16.142817518141285        15.492487441037945        18.696662706168574        18.912161757489976        14.549228699260844        14.549228699260844        14.549228699260844        15.397707158222062        17.324185658795628        4.4665009200984329        4.5436209364117808        2.4692794663053093        2.4692794663053093        2.4692794663053093     
   4.9160860086700211        4.9850312680620164        3.5582633570992570        3.5753178686382086        3.4119797511334014        3.4119797511334014        3.4119797511334014        4.6834699954790153        3.1081406142821137        1.0746921725333820       0.15543510713548159       -1.3527607628527889       -1.3527607628527889       -1.3527607628527889     
  -9.9370923462602860       -10.553526971336765       -26.365533759149876       -26.633896321647818       -17.093294620113113       -17.093294620113113       -17.093294620113113       -9.6727131908407529       -18.403254479702525       -2.8522485920104117       -1.7117695709774807       0.90469625332903547       0.90469625332903547       0.90469625332903547     
  -31.933386357155356       -29.488849856628697      -0.54925828459136028       -1.6805582700582136       -8.2826409853449974       -8.2826409853449974       -8.2826409853449974       -28.009276686620375       -12.081004570908249       -6.5976391887499233       -5.5429380321682800       0.59184769088574285       0.59184769088574285       0.59184769088574285     
   57.520179975512946        54.447642896806883        41.172729338934829        42.212638447455333        32.154148255552883        32.154148255552883        32.154148255552883        52.912946063838291        36.803081096040444        10.444337335401684        4.2135016601822173       0.77297400960924278       0.77297400960924278       0.77297400960924278     

  0.91118134237347803       0.96542094678740686       0.68887977262857858       0.67413509716801179       0.66371296517380685       0.66371296517380685       0.66371296517380685       0.78305603056476902       0.72739582445156281       0.63989480509368568       0.60710915447835778       0.61064910894306601       0.61064910894306601       0.61064910894306601     
  0.40355317119145995       0.41256757729480764       0.33040945998364335       0.32412613617409369       0.32190201391164575       0.32190201391164575       0.32190201391164575       0.36406437138534842       0.34928644671501896       0.25100456854612951       0.26545612394067231       0.16981590839635019       0.16981590839635019       0.16981590839635019     
   4.6802358089150609        4.9066084238089758        5.2110659418975835        5.2098677091748016        5.2624306236715253        5.2624306236715253        5.2624306236715253        4.7542332847189552        4.8952739001366163        4.8333998932537128        5.1045004849179909        6.2876421885679790        6.2876421885679790        6.2876421885679790     
  -3.8153540788033133       -3.9025038620261476        2.2044434761500469        2.3577927579718576        2.2040907511896748        2.2040907511896748        2.2040907511896748       -2.7419872411386024       -1.6393038644400697        4.1466228509696563        4.2515761819979261      -0.37181743848775284      -0.37181743848775284      -0.37181743848775284     
   1.1372127701425470        1.0073846131266038       0.36367351874339704       0.35015845008786783       0.43305221759121082       0.43305221759121082       0.43305221759121082        1.1332854583915406        1.1062887093364893      -0.86659800718603464      -0.64815561524770970        1.5733223439477015        1.5733223439477015        1.5733223439477015     
   1.6286400891346631        2.6536178628293356       0.16495665975476470       0.15911250100479890       0.53923705188002202       0.53923705188002202       0.53923705188002202        1.1530573081506503       0.13665296115868841       0.53919475335861478        1.8013803984564447        4.6429653790817298        4.6429653790817298        4.6429653790817298     
   15.596190715298064        15.986263528391007       0.10057607543473068      -0.15744479273406853      -0.27250522615118200      -0.27250522615118200      -0.27250522615118200        14.027247060104955        13.699337823867594      -0.21705210359046134      -0.14984857713321276       0.37922930107048103       0.37922930107048103       0.37922930107048103     
  -19.610489235785295       -20.858333391045491       -4.0459339257211440       -3.8280252584592347       -3.7068550244195109       -3.7068550244195109       -3.7068550244195109       -18.451676932559209       -17.822329835995760       -7.3636735794804338       -9.1817528521193310       -1.2583835522180493       -1.2583835522180493       -1.2583835522180493     

  0.14124590963926334       0.19967260767764702       0.18588327708471367       0.16647484594328296       0.18722671414859934       0.18722671414859934       0.18722671414859934       0.14378892610320879       0.19302790415284699       0.53647728690923568       0.58969519735572440       0.17959097265999352       0.17959097265999352       0.17959097265999352     
 -0.35393103877574805      -0.31313175612651695      -0.32034091011230748      -0.33260142997712816      -0.31917089104389312      -0.31917089104389312      -0.31917089104389312      -0.35432131910654968      -0.30771326315607767       -2.0568695555337912E-002  0.30946034331291239        1.1905410529265015        1.1905410529265015        1.1905410529265015     
   9.7055371474074832        11.020338125607793        9.4648914710145231        8.4881301255825150        6.0295570166452670        6.0295570166452670        6.0295570166452670        9.8472877733259843        11.423477449354827        11.443162046990473        11.899283619756083        11.767512371389152        11.767512371389152        11.767512371389152     
   5.9082171521077882        17.932057748737478        8.8671000418502963        5.0936290346907462        4.2542923135267685        4.2542923135267685        4.2542923135267685        7.3471007098769761        12.763904481708856       0.92389469489147658        5.1704288008976356        15.686509610532944        15.686509610532944        15.686509610532944     
  -2.1802042665973573       -4.2759599819788576       -3.3917482964991805       -2.6713967348244907       -3.2581284235779648       -3.2581284235779648       -3.2581284235779648       -2.4879524637202124       -3.3965178658351576       -2.0147910734769425       -2.6911869660295906E-002   13.359048852852766        13.359048852852766        13.359048852852766     
 -0.26419283067612298       -24.516548404939243        1.1567686580733465        1.3320718998705843        9.8669882564894493        9.8669882564894493        9.8669882564894493        1.1783385011691365       -14.824097166131580       -1.0641163200342731       -20.339190545867794        21.698600224068485        21.698600224068485        21.698600224068485     
  -28.365066944287548       -24.223524818958353       -40.988212271495364       -16.271646488443679       -36.292525976690591       -36.292525976690591       -36.292525976690591       -44.148004139350249       -19.675369976200869        5.7945766751307985       -6.9381492751603560        21.037842610030211        21.037842610030211        21.037842610030211     
   55.755577241386391        87.226251969362750        60.221396894377051        22.618391087486728        30.195235162521328        30.195235162521328        30.195235162521328        76.139539712954786        73.934118488238937        16.036594562277230        70.976789119983266        25.248152718029559        25.248152718029559        25.248152718029559     

  0.17581819761697209       0.18470931298091339       0.19114861054073592       0.17159306871867980       0.18353607024118379       0.18353607024118379       0.18353607024118379       0.18560911026545351       0.16836047435198834       0.54908614906826603       0.62792640588964477       0.56450339931248861       0.56450339931248861       0.56450339931248861     
 -0.32767307520869943      -0.31987943852718076      -0.31594300701004996      -0.32915039961587222      -0.32172390937881429      -0.32172390937881429      -0.32172390937881429      -0.32008374273324730      -0.31856037446802332       -1.8878330843128066E-002  0.38717500896570867       0.74309316860939112       0.74309316860939112       0.74309316860939112     
   11.771996173084904        11.903155214855650        11.974344812652159        11.482602614029915        10.608166564804883        10.608166564804883        10.608166564804883        11.999572220134347        11.999826481413320        10.088107640424928        11.964661950457284        10.224480396522187        10.224480396522187        10.224480396522187     
   9.6122482396949493        8.6939478514522754        7.7290010671563216        6.3462851552585597        6.8879150547021304        6.8879150547021304        6.8879150547021304        10.166257208221150        6.6219857556795851        2.1857300317039687        10.307262938482559        2.5395035773141359        2.5395035773141359        2.5395035773141359     
  -3.1577490942380209       -3.1812780593006451       -3.1621288532815157       -2.7081228189544575       -3.1691854557791785       -3.1691854557791785       -3.1691854557791785       -3.2992517177896588       -2.1792260183347238       -2.2717743002267596       0.13186101144736995       -1.1790277687408945       -1.1790277687408945       -1.1790277687408945     
   9.3694795890415890        13.439457392053725        14.134276660517429        15.034762900802122        24.465064229178125        24.465064229178125        24.465064229178125        8.7486252138349414        9.2322636825693110        3.8524295166975975       -12.518111771939786      -0.92882936633395730      -0.92882936633395730      -0.92882936633395730     
   3.8573609684095658       -2.0014933923584692        6.3821808925536061        7.6430030921669925       -48.987011573802029       -48.987011573802029       -48.987011573802029      -0.39866813976999538        3.0316192674544311        7.3868547540783851       -15.863978550831376       -1.8527529045029496       -1.8527529045029496       -1.8527529045029496     
  -48.023076318443792       -46.624889975728827       -56.763813876392774       -62.989658917299955        1.9259709246907732        1.9259709246907732        1.9259709246907732       -37.973797170340866       -23.506091075194234       -25.596793395159295        9.2690606990505415       -3.5217909229176030       -3.5217909229176030       -3.5217909229176030     

  0.17175741816902157       0.16558677138001238       0.18700268433339454       0.17522628553051020       0.19223634120089847       0.19223634120089847       0.19223634120089847       0.20027475824952337       0.13060802626447940       0.30110197211291090       0.36275149602631102       0.42269016004487603       0.42269016004487603       0.42269016004487603     
 -0.32484705648772616      -0.32659638817461994      -0.31325762840799082      -0.32082380544352679      -0.31121048312183008      -0.31121048312183008      -0.31121048312183008      -0.30207169308792586      -0.34691901889399529      -0.13943503654929845       0.40641235024008671       0.95377354653964619       0.95377354653964619       0.95377354653964619     
   11.952215855435123        4.2048203699513778        10.625433197585007        11.923864719950487        11.734684419041917        11.734684419041917        11.734684419041917        11.577446791204645        11.350345586674894        10.558249523751558        11.267379203133121        10.505637205107735        10.505637205107735        10.505637205107735     
   17.816387563459358        11.577695347641573        16.879369577072922        13.932462449839164        18.503795626630804        18.503795626630804        18.503795626630804        17.399203417838571        4.2760576196639022        5.6959196642489935        2.8302926069091292        3.0375908754059431        3.0375908754059431        3.0375908754059431     
  -5.0078356565423192       -4.6520643368421446       -5.1721256499300381       -4.6302504802667883       -5.4155675944253048       -5.4155675944253048       -5.4155675944253048       -5.2931503875368193       -2.6549938925080099       -3.2227272863427885        1.7265063325221490      -0.97033517611853171      -0.97033517611853171      -0.97033517611853171     
  -12.145616741761287       -14.240731720699912       -12.655312825490654       -5.7118945901959108       -10.275718253276807       -10.275718253276807       -10.275718253276807       -7.8616939584557031        5.2553642668681562       -5.1206277551165726       -16.407610037058348        6.9630744643234266E-003   6.9630744643234266E-003   6.9630744643234266E-003
  -42.404775990016432        3.5625014548467675       -26.108398555377576       -21.646503285813793       -46.626409115306473       -46.626409115306473       -46.626409115306473       -49.683807688054522        1.7185935998158470        10.903688531165727       -12.571804580257222       -3.2403741423536303E-002  -3.2403741423536303E-002  -3.2403741423536303E-002
   75.210092569519986        3.7623335604771881        40.537640047825647        30.434228218869748        71.074117378831716        71.074117378831716        71.074117378831716        72.461747763229909       -10.940178239592157       -9.0720221690265106        46.572806656468941      -0.10426445065435530      -0.10426445065435530      -0.10426445065435530     

   2.6172517114756455        3.2046253086984011        3.3386261746102570        3.4327564526092442        3.4420531009682382        3.4420531009682382        3.4420531009682382        1.5148115576544230        1.0722689288180878       0.87170009264588277       0.77536514200890905       0.44249269832978833       0.44249269832978833       0.44249269832978833     
 -0.37788143755183295      -0.35442798587009638      -0.34961684654270014      -0.34713919198699661      -0.34726929212661967      -0.34726929212661967      -0.34726929212661967      -0.44372874031495529      -0.49660367825962098      -0.52259964918516610      -0.41033486301973454      -0.12658305838639683      -0.12658305838639683      -0.12658305838639683     
   11.657485374355634        11.954794704226785        11.931854481616361        11.999257494662226        11.999819772345839        11.999819772345839        11.999819772345839        8.7950577654956739        7.6499009002089782        8.6551182787630250        8.2952248906783659        7.1410321060069961        7.1410321060069961        7.1410321060069961     
   24.880264638274966        36.930384954321887        37.171524325782251        38.341948228539721        38.581155627635212        38.581155627635212        38.581155627635212       0.74779979845358469        1.8176389363105088        1.0121497540244917       -2.0135814170812516        12.542656991920815        12.542656991920815        12.542656991920815     
  -6.0471887555194073       -7.4170683864319500       -7.5384605623260867       -7.7165346420769438       -7.7685474475201701       -7.7685474475201701       -7.7685474475201701       -2.7520860089779475       -1.9916183963496579       -1.1842455080076419       0.84861176164828578       -6.8247038050535878       -6.8247038050535878       -6.8247038050535878     
  -38.673266151566160       -85.154400178853038       -84.039613586683345       -86.681540170509948       -85.685536395252001       -85.685536395252001       -85.685536395252001        26.991669437379102        2.0181439675642139      -0.15332162562587826       -2.1114721082244614        22.231588857054092        22.231588857054092        22.231588857054092     
  -8.2342667695753562        72.710340866611602        68.293363624816379        69.799425693133259        62.880983057447423        62.880983057447423        62.880983057447423       -71.511318972478335       -3.3386373386140491        2.1148325519371127       0.51621465345333206       -38.367039190124039       -38.367039190124039       -38.367039190124039     
   70.028197876376566        17.264507880009845        20.390927739742892        21.147167317330755        30.050298764125742        30.050298764125742        30.050298764125742        62.990310236388325        4.8832780481828166        8.6753511183514149        16.931666616097289        13.497390672209434        13.497390672209434        13.497390672209434     

  0.10682023306273297       0.11870829923641604       0.10562156333698056       0.13244444955087742       0.10957666492437151       0.10957666492437151       0.10957666492437151       0.11039749625989387       0.13311461698077576       0.49421888989532198       0.53033617359213248       0.43842204983203908       0.43842204983203908       0.43842204983203908     
 -0.36318917007874874      -0.34943287551446078      -0.36117954316480866      -0.33766267006769474      -0.35808408765656941      -0.35808408765656941      -0.35808408765656941      -0.35783215776540145      -0.32124047994700305        5.5557726422280629E-002  0.70600228993159231        1.0470157250747345        1.0470157250747345        1.0470157250747345     
   11.930322850360131        11.961879148776207        11.975212410196107        11.995951220834497        11.879193258749423        11.879193258749423        11.879193258749423        11.889129357816410        10.450698934451566        11.974353565159682        11.924993781915520        10.662203236196277        10.662203236196277        10.662203236196277     
   5.0635206985230816        10.555316292051970        3.0298781144613258        13.466834975141751        5.1644907649427516        5.1644907649427516        5.1644907649427516        9.0953928278700715        6.8991060094449139       0.89420273450638987        4.4734967225445033        2.8644286211788170        2.8644286211788170        2.8644286211788170     
  -3.7863325501170735       -4.4537248169636996       -3.2193307154406412       -5.0717352521150971       -3.6306941132168333       -3.6306941132168333       -3.6306941132168333       -4.1045550942061340       -4.1748828509899738       -3.1929906885077912       0.19444486475487821       -1.0941227943582916       -1.0941227943582916       -1.0941227943582916     
   11.133975807846682        3.7540973496810324        5.8338206547124543        2.3634488502930822        6.5843706297182507        6.5843706297182507        6.5843706297182507        1.7499728950877795        8.5849137416129508        3.9937498425708355       -17.170788403168132      -0.22907197981027139      -0.22907197981027139      -0.22907197981027139     
   2.6551414473635049       -51.063690615776757        6.5357338935769604       -62.725034370841470       -8.6509425663360702       -8.6509425663360702       -8.6509425663360702       -31.127027081467240       -37.358394069022310        13.221360169689277       -17.277551937771506      -0.34976525514106527      -0.34976525514106527      -0.34976525514106527     
  -49.113884904279836        66.251871003112143       -9.5484869355120594        78.221045755681587       0.45353762372057815       0.45353762372057815       0.45353762372057815        42.910894028682492        35.304572245897972       -19.090759690474087        55.764098448887950      -0.52465985187113517      -0.52465985187113517      -0.52465985187113517     

   5.9910116709645182E-002   6.7653045840148224E-002   7.7772229112465979E-002   7.6509710323908839E-002   7.8732804246604352E-002   7.8732804246604352E-002   7.8732804246604352E-002   5.7359759521063050E-002  0.12172030871240692       0.62546376296560313       0.52207306764160055       -6.6609831403576097E-002  -6.6609831403576097E-002  -6.6609831403576097E-002
 -0.40264899085313799      -0.38427887377024672      -0.36943443070135024      -0.37151656214279410      -0.36942114308452118      -0.36942114308452118      -0.36942114308452118      -0.40642643730878147      -0.27065205057125397       0.22313335199442097        1.3402210880115792        1.3638226428312883        1.3638226428312883        1.3638226428312883     
   11.969063243049961        11.955220186873584        11.978747805490158        11.641191800261833        11.978585974448185        11.978585974448185        11.978585974448185        11.630380479554130        11.993253955667853        11.874247136958047        11.523242805038992        11.354771264357456        11.354771264357456        11.354771264357456     
   10.690456546874845        6.0101298619016923        11.299538600672047        7.8123244406142511        12.296035299888466        12.296035299888466        12.296035299888466        3.8372656801463201        5.7450793394872726       -3.1033321737119692        7.4196344853621063       -1.4008666059109771       -1.4008666059109771       -1.4008666059109771     
  -4.2828262585077255       -4.1892242197892031       -5.0439764379425114       -4.7799381977018598       -5.2057515543697264       -5.2057515543697264       -5.2057515543697264       -3.5989946024394612       -4.6487853202462901       -3.4799609333167680       -3.6831165718851366E-002  -3.7276192722226469       -3.7276192722226469       -3.7276192722226469     
  -14.515932115586196        8.6121923727139631        1.2249152614687375        14.314288766206900        3.5278581296497578        3.5278581296497578        3.5278581296497578        9.4681784907326545        11.144746177515188        26.605182162980128       -10.868263475536267       -6.5667050593765595       -6.5667050593765595       -6.5667050593765595     
   26.117184766495853       -9.6328970137860495       -24.781849488995022       -41.601712201971232       -53.163201579725843       -53.163201579725843       -53.163201579725843       -2.7662358739973456       -8.8069228608928256       -25.608372611219295       -17.868987916796442       -10.478001931178412       -10.478001931178412       -10.478001931178412     
  -21.592420130564420       -9.4303064828055767        21.166014060531836        22.098129761032197        63.966268194492727        63.966268194492727        63.966268194492727       -20.090343049057296       -19.800604976861507       -1.0951197813705278        18.493439126375307       -18.310650970706774       -18.310650970706774       -18.310650970706774     
