 x_max:    1.8906249999999999E-004
 mu_F:    62.928530890209096     
 pdf_label:          82

 Parameters:
  0.41226603027578879       0.52125885427458096        1.3072815693752713        1.1814026758119420        1.4459767175672593        1.4459767175672593        1.4459767175672593       0.39673275100966915       0.40467087670851848       0.49372753223663668       0.53184575766150977       0.49304673764653373       0.49304673764653373       0.49304673764653373     
  0.21914774869411846       0.25102007477692601       0.40922958923492936       0.29218130112132790       -6.1514794756959756E-002  -6.1514794756959756E-002  -6.1514794756959756E-002  0.23055970583287211       0.23615025824255653       0.25674553089118857       0.27410159730922046       0.25767323309399703       0.25767323309399703       0.25767323309399703     
   4.9972951975909723        5.0673844601487339        5.0750910900431485        4.0004133113234488        4.6003406655895756        4.6003406655895756        4.6003406655895756        5.1240242790612758        5.1736553887250754        5.1346747131972617        5.5765305847193396        5.0684866008321343        5.0684866008321343        5.0684866008321343     
   17.592494993388669        18.385460747724835        5.4586435220602532        6.7184036284699147        2.0805744349588942        2.0805744349588942        2.0805744349588942        17.063190089813020        16.571485415881305        17.850405121350725        20.367953188980977        17.304570980858827        17.304570980858827        17.304570980858827     
   3.7516860429363845        2.5401933328834474        1.0108919557675193      -0.53530378189631733       -1.5803327079016398       -1.5803327079016398       -1.5803327079016398        4.8640769924628984        4.9828879651838776        3.4406746777900281        3.1782771617935950        3.5222394940164037        3.5222394940164037        3.5222394940164037     
  -9.3379564054439612       -21.785514097251806       -3.7814485477537545       -5.2885372640344173        2.8969386512978588        2.8969386512978588        2.8969386512978588       -11.124743931780046       -11.284347346106046       -22.730292078075536       -29.650706360815541       -21.619037818137400       -21.619037818137400       -21.619037818137400     
  -33.082555042106975       -6.5819818626223991       -7.8492714203742082       -3.0160480583978853       -1.7616324196640676       -1.7616324196640676       -1.7616324196640676       -29.743545755147764       -28.606282875332795       -3.8597126237266792       0.83474691446072313       -5.4886894556380952       -5.4886894556380952       -5.4886894556380952     
   52.819232581491775        34.005644883956251        15.351584404297128        2.8258866633239847        1.6817199251103716        1.6817199251103716        1.6817199251103716        56.884161333967654        57.663991665415921        35.133397496876569        50.647742480198758        34.496070224486004        34.496070224486004        34.496070224486004     

  0.82973397555464856       0.69870302421407249       0.64023616228738822       0.61444808084138891       0.61747530911894699       0.61747530911894699       0.61747530911894699       0.91029341514765250       0.94361706970377202       0.63480168914786883       0.67272159165824319       0.67257890435562417       0.67257890435562417       0.67257890435562417     
  0.37849243446872594       0.34339918131460356       0.25322104294090542       0.27870557012224628       0.17350751774823259       0.17350751774823259       0.17350751774823259       0.40762685977093693       0.41240985820525689       0.31954731931440516       0.32723925222708994       0.32801115160376360       0.32801115160376360       0.32801115160376360     
   4.7643609422044317        4.6170248214252787        4.7979627451814650        5.1330854624902607        6.2868634325400805        6.2868634325400805        6.2868634325400805        4.6681637279375261        4.9254701681986521        5.2980030696500853        5.2186990263232902        5.3084332155747571        5.3084332155747571        5.3084332155747571     
  -2.8277081234111883       -1.8160969371787452        4.2392117255481772        4.4107697357831981      -0.22174700696716698      -0.22174700696716698      -0.22174700696716698       -3.7643398519494831       -4.4083521216654642        2.2142849492357257        2.3884444706687340        2.1837925900042983        2.1837925900042983        2.1837925900042983     
   1.0410392134294071        1.2344247334886163      -0.86606582745650229      -0.61260039140990585        1.5960286961967398        1.5960286961967398        1.5960286961967398        1.1880789522665793        1.2463724368455473       0.63208819643107717       0.39757754472969964       0.46161769783622475       0.46161769783622475       0.46161769783622475     
   1.9539884076051663      -0.16259508713645232       0.71348070484449977        2.0830041828382519        4.8916342233554388        4.8916342233554388        4.8916342233554388        1.5291205282199343        2.4895595980632521        1.1141849496183482       0.48550292056529543       0.90744322593872084       0.90744322593872084       0.90744322593872084     
   14.066711320183202        13.640597888812209       -3.6796274439325316E-002   8.6880446669013622E-002  0.65636912766980515       0.65636912766980515       0.65636912766980515        16.253740232531072        19.449573155101973      -0.64915854612883095       0.23095765200550034       0.52118262727684339       0.52118262727684339       0.52118262727684339     
  -19.328621393235863       -17.742963957714721       -7.8052419937401964       -9.7416369138340428       -1.2970144658618779       -1.2970144658618779       -1.2970144658618779       -20.305322388227026       -24.334915573768839       -3.5664946055619424       -4.3946306609371959       -4.5347278717692632       -4.5347278717692632       -4.5347278717692632     

  0.14429474353889482       0.21513269763151913       0.56349669931328317       0.51733373012243067       0.17359331825078123       0.17359331825078123       0.17359331825078123       0.14273292934333107       0.17041598091669866       0.19464799870644364       0.18891988787717062       0.17324679945056629       0.17324679945056629       0.17324679945056629     
 -0.34496296259137166      -0.27535282474704048       -5.4573670067042945E-003  0.25666943741599746        1.0967129305731791        1.0967129305731791        1.0967129305731791      -0.34162917617347510      -0.32008553829850511      -0.30514907260587876      -0.30966500656225182      -0.31839468691859263      -0.31839468691859263      -0.31839468691859263     
   9.5739576697445763        8.0003843039337319        11.345395511561469        11.665090338783152        11.787854190741538        11.787854190741538        11.787854190741538        10.827323139363649        9.7432893355147741        9.3001194481590836        9.9347923814902082        7.5472473584996758        7.5472473584996758        7.5472473584996758     
   7.1257690422050537        4.5676807667120691       0.98338233562665778        5.6699905726559621        17.823198563015723        17.823198563015723        17.823198563015723        5.0027830371622102        6.8832497557979160        8.2189044779734743        10.201688046803071        4.6656415418334483        4.6656415418334483        4.6656415418334483     
  -2.3595330775721806       -2.8903989229423104       -2.0529385318948243      -0.15075929957555445        13.840967577992203        13.840967577992203        13.840967577992203       -1.7672919348546827       -2.7139151773761014       -3.3945336963622026       -3.3944414812897605       -2.6825351710135266       -2.6825351710135266       -2.6825351710135266     
 -0.96437612291958885        3.1846592048887175      -0.85732771906322114       -19.941120454049340        21.434075682884384        21.434075682884384        21.434075682884384       -1.5360037709100709       0.36165345115965408        6.4472840593995926       -2.7993712485700684      -0.59994778907757507      -0.59994778907757507      -0.59994778907757507     
  -35.577218561550474       -18.052446949989317        5.6081216233569933       -9.6764826454048602        19.488372520528671        19.488372520528671        19.488372520528671       -17.435081378511569       -28.714253149940191       -54.944247537509277       -39.224719277393199       -7.2368052367394569       -7.2368052367394569       -7.2368052367394569     
   65.792807885904068        20.540674170683573        14.928002142973796        74.210839747701300        21.991522335236525        21.991522335236525        21.991522335236525        60.183242290589050        50.896986191873424        70.447605968936529        68.302329202003563        10.943955882542127        10.943955882542127        10.943955882542127     

  0.19193339500437920       0.18810043380849842       0.56737479952488401       0.61060641684367889       0.72313797141241509       0.72313797141241509       0.72313797141241509       0.18094035455122146       0.18530964169822536       0.19297395614528773       0.17403812640120953       0.19070814583830112       0.19070814583830112       0.19070814583830112     
 -0.30840558775279248      -0.30198810682175320        5.7859761939949017E-004  0.35686570724287381       0.64855908346424518       0.64855908346424518       0.64855908346424518      -0.31553322318776300      -0.31058018109792007      -0.30610984538105485      -0.31816963537190290      -0.30841562924544053      -0.30841562924544053      -0.30841562924544053     
   11.993167707453761        11.982285436202259        9.6044487026058114        11.944384512135755        10.139626570444076        10.139626570444076        10.139626570444076        11.744036498316076        11.361118162740537        11.224944506829804        11.184280172597045        10.870782515127310        10.870782515127310        10.870782515127310     
   12.441850397245652        6.9523526431981750        2.1167426139915477        10.267231039332728        2.5253982871419964        2.5253982871419964        2.5253982871419964        10.076453231280176        8.6578997567406475        8.8064480861762107        6.2105191317125410        11.033232766267929        11.033232766267929        11.033232766267929     
  -3.5584160314603395       -2.7261585861809010       -2.2062985049959707       0.11114464896118648       -1.1731023614367473       -1.1731023614367473       -1.1731023614367473       -3.2023737810613682       -3.0846449089960615       -3.2215122977124224       -2.6564950791382174       -3.4313465962559562       -3.4313465962559562       -3.4313465962559562     
   5.0612947118115414        14.078064537456086        3.1284666043175093       -12.423304372280072       -1.0470470578062532       -1.0470470578062532       -1.0470470578062532        9.6423719966956867        10.993889705192288        10.516117759650243        14.999322833216695        2.2867119537921496        2.2867119537921496        2.2867119537921496     
  -7.7528634837393753        6.9266039657286456        6.2533988559548987       -15.450271771521969       -2.1491864214226126       -2.1491864214226126       -2.1491864214226126       -1.0061205651817886        1.9836726363127468      -0.17640742934038656        6.8137700214183639        8.0899031660644312        8.0899031660644312        8.0899031660644312     
  -19.758228003595320       -53.898034953657977       -22.126793893976171        10.054337711115465       -4.1607831634364203       -4.1607831634364203       -4.1607831634364203       -40.956332934486689       -50.153588373361664       -45.802175178503404       -62.700785088060073       -47.935952965772564       -47.935952965772564       -47.935952965772564     

  0.17759561489620798       0.13435147402950456       0.30224505166498372       0.44105363821353261       0.49918723500494183       0.49918723500494183       0.49918723500494183       0.16927033372506026       0.10559589786437054       0.17533640876490442       0.18984325051707412       0.15002836126739827       0.15002836126739827       0.15002836126739827     
 -0.30750225563523365      -0.33401721281890867      -0.13380761347614656       0.47907644152801732       0.95531344303329946       0.95531344303329946       0.95531344303329946      -0.31502659949177009      -0.36207151022331630      -0.31001431781889960      -0.30208338086515485      -0.32758985224120457      -0.32758985224120457      -0.32758985224120457     
   11.665778510029471        11.181910851879126        10.538868656606789        11.701656769125389        10.493968516759535        10.493968516759535        10.493968516759535        11.882749285249801        11.961520577885079        11.872458945090035        11.993998122441138        11.658454639552456        11.658454639552456        11.658454639552456     
   15.085560275235622        4.4699682753766012        5.5514751794440471        2.8529545906705387        2.9165022566157077        2.9165022566157077        2.9165022566157077        9.9755582703860313       -16.243460532421899        13.546425542559192        17.498770614617158        9.3749511973202075        9.3749511973202075        9.3749511973202075     
  -4.6976011813085137       -2.6934870580504224       -3.1787990858704305        1.7983403420330788       -1.0550774555399443       -1.0550774555399443       -1.0550774555399443       -4.2818497688802495       -2.4745817439914219E-002  -4.4984353474460335       -5.1235097332994002       -3.5809309598984242       -3.5809309598984242       -3.5809309598984242     
  -6.2779621010098339        5.0107839508820433       -5.9244979295290818       -16.403616569246978      -0.10705833431187273      -0.10705833431187273      -0.10705833431187273        2.0379184030183666        60.389615102456190       -6.0573229896008627       -12.217267462544157       -4.4127667247460352       -4.4127667247460352       -4.4127667247460352     
  -39.060154930235257       0.24740071978045819        16.528703839946743       -12.841665122596069      -0.11569099643305947      -0.11569099643305947      -0.11569099643305947        22.063183000415577       -1.9775343946763968       -19.085937067560010       -30.334472254428299        2.6816861687680955        2.6816861687680955        2.6816861687680955     
   59.574036192202527       -8.2581667296699379       -16.055056889688629        48.682027908191486       -6.2474662448238405E-002  -6.2474662448238405E-002  -6.2474662448238405E-002  -73.798969132858673       -89.666965149395750        30.048856458260403        54.235839712600523        2.0455637668306537        2.0455637668306537        2.0455637668306537     

   1.6691615692851940        1.1535064783981224       0.87440980774314681       0.64222064473891172       0.42881655130751467       0.42881655130751467       0.42881655130751467        2.7022505052079744        3.3372996353272479        3.4064631963709169        3.5933206457482076        3.5889393864888111        3.5889393864888111        3.5889393864888111     
 -0.42134575428877863      -0.47708326859577954      -0.52662804219926196      -0.46518613081474464        2.5527858298179940E-003   2.5527858298179940E-003   2.5527858298179940E-003 -0.36322797762124909      -0.33884016395679134      -0.33584553661667876      -0.33102054391861296      -0.33156429687306682      -0.33156429687306682      -0.33156429687306682     
   9.6695041900145444        7.5745064278292613        7.1449376298101566        6.9066290844496256        7.0744710866742633        7.0744710866742633        7.0744710866742633        11.720475102595140        11.695579867235718        11.999971142741257        11.971078996377672        11.998286119652358        11.998286119652358        11.998286119652358     
   2.1530489417859258        2.8528139640133077       0.82459128068344612      -0.18945733159625533        11.620162685136854        11.620162685136854        11.620162685136854        22.972527451309539        36.894375698667197        31.762508745792545        38.347684730602019        38.565976181771674        38.565976181771674        38.565976181771674     
  -2.9231983690275669       -2.0800450100021308       -1.4137232935773767       0.36076655166662164       -3.7134069667129950       -3.7134069667129950       -3.7134069667129950       -5.8235347030278746       -7.3255584318892062       -7.0914449391122005       -7.6488543784010972       -7.6793220004563878       -7.6793220004563878       -7.6793220004563878     
   28.842041390376622       -1.9343291653354697        1.0562778930366221       -4.9478572610474174        8.7558271694472722        8.7558271694472722        8.7558271694472722       -29.216930998503500       -88.954391082486751       -53.516814323714243       -88.325683989450226       -88.202892133104086       -88.202892133104086       -88.202892133104086     
  -89.537429246961295        2.9015829434292755      -0.19657428945473043        3.4147337594846903       -18.921555280932679       -18.921555280932679       -18.921555280932679       -29.946619022905047        88.144000967666386       -7.5658630383512531        75.539481094762493        72.695561120417182        72.695561120417182        72.695561120417182     
   89.818778126612642        1.4509686821884316        3.0011582370313192        8.0788976949658888        6.8836703318425378        6.8836703318425378        6.8836703318425378        89.878619009407430      -0.45685082903722218        89.340088766108153        16.097020418662538        20.432140783728315        20.432140783728315        20.432140783728315     

  0.10112424289360228       0.17259714969175594       0.44859147751325135       0.48314515457515916       0.44445566696374739       0.44445566696374739       0.44445566696374739        9.9416769898972496E-002  0.10650199263556429       0.13085024966525369       0.12893223856839450       0.12088193761729092       0.12088193761729092       0.12088193761729092     
 -0.35939390681390171      -0.26633216727949616       0.12094030350299345       0.61504634462269170        1.0411193935616809        1.0411193935616809        1.0411193935616809      -0.36122807174681332      -0.34876660556180250      -0.32664248188125433      -0.32905997814727783      -0.33600992769189447      -0.33600992769189447      -0.33600992769189447     
   11.832525761943607        11.998210540595455        11.979037573023302        11.957046653414544        10.647065459196030        10.647065459196030        10.647065459196030        10.050486581535399        11.846842417215203        11.819834585416650        11.938034415979736        11.990720429899376        11.990720429899376        11.990720429899376     
   8.6785930653501708        7.3432462489188737       -3.2977854980226375        3.7756882009311212        2.8711451950819651        2.8711451950819651        2.8711451950819651        12.122084190089112        5.4971762939485167        10.625422836668072        12.247289901567626        9.8118816242954949        9.8118816242954949        9.8118816242954949     
  -3.8371945601408584       -4.4660246304002840       -1.3002276517835085       -9.7732564342635442E-002  -1.0908468267907665       -1.0908468267907665       -1.0908468267907665       -4.0132406363696447       -3.5242531791443525       -4.7741569428052202       -4.8247932453529430       -4.3726618174858842       -4.3726618174858842       -4.3726618174858842     
   1.9224454957652597        9.8335979740906936       -17.829042661953039       -15.002348506644964      -0.21284892932804667      -0.21284892932804667      -0.21284892932804667       -30.476410435680499        5.5999926727856035        11.778640215641545        1.2221458705461714        3.8040629609514554        3.8040629609514554        3.8040629609514554     
  -36.237419193117965       -29.463392123234016        89.929466630511399       -15.248506818693400      -0.31715638618686626      -0.31715638618686626      -0.31715638618686626        59.310778684255212       -12.913369580359145       -75.173845195557973       -48.068886418644240       -41.124844768418711       -41.124844768418711       -41.124844768418711     
   53.270163271302891        17.308029165074117       -77.749408098526914        53.470583856755070      -0.46169431233751368      -0.46169431233751368      -0.46169431233751368       -43.827507911666913        8.8522807873400779        84.625667334392119        62.435457746508916        51.075335247971850        51.075335247971850        51.075335247971850     

   7.1638463114103518E-002   9.4707308802756907E-002  0.44831541964903243       0.51506959608843050       -6.6285807898451801E-002  -6.6285807898451801E-002  -6.6285807898451801E-002   6.1827889938506651E-002   6.0753621196196504E-002  0.10672777658554605        7.9760089682667720E-002   7.4711986844677516E-002   7.4711986844677516E-002   7.4711986844677516E-002
 -0.35832961583691908      -0.30764331768707354       0.15950817824876429        1.3468347798091227        1.3563543399192717        1.3563543399192717        1.3563543399192717      -0.38151721575285635      -0.38052996744821732      -0.32200564939537207      -0.35256795725513884      -0.35907361342646926      -0.35907361342646926      -0.35907361342646926     
   11.998568407926673        10.839416490613626        11.986977783691607        11.542701315967616        11.347118017516923        11.347118017516923        11.347118017516923        11.958463178861836        11.984491357679810        11.118022551417878        11.847597177633775        11.915881878979759        11.915881878979759        11.915881878979759     
   6.5165337607572908        10.635417095698944        1.3245660721630124        7.3918039239306239       -1.2123333889584309       -1.2123333889584309       -1.2123333889584309        6.3899557883023874        4.2521925130257685        39.000008609585223        14.409540420371272        8.3666569193111471        8.3666569193111471        8.3666569193111471     
  -4.4127431927389296       -5.1016386023473004       -3.6242604533516740       -7.4203915760477912E-002  -3.7222230714448656       -3.7222230714448656       -3.7222230714448656       -4.1777416619140695       -3.7575485313406460       -8.2234580065076344       -5.5929837829111619       -4.8703340380646836       -4.8703340380646836       -4.8703340380646836     
   9.7164146349985998      -0.24118813284208329        5.0988909230130872       -10.835755068081923       -6.8908870924168610       -6.8908870924168610       -6.8908870924168610        7.5839066059968303        9.0021155209975348       -89.738279760007543        7.5129753827198442E-002   13.019297209109695        13.019297209109695        13.019297209109695     
  -10.295475675783322       -17.827543339253680        12.421551245556799       -17.705603268746074       -11.270146792055328       -11.270146792055328       -11.270146792055328       -1.7754141879529328       -2.0168675053591585        84.028731923274023       -47.137533083072356       -34.353653285145043       -34.353653285145043       -34.353653285145043     
  -14.685044358401584        11.821230997419960       -22.593139751425312        18.834104205253112       -16.827277019675705       -16.827277019675705       -16.827277019675705       -27.622723647904174       -16.504899256755053       -10.549409165023462        51.376046899803612        11.394168341334094        11.394168341334094        11.394168341334094     


  0.39673275100966915       0.40467087670851848       0.49372753223663668       0.53184575766150977       0.49304673764653373       0.49304673764653373       0.49304673764653373       0.41226603027578879       0.52125885427458096        1.3072815693752713        1.1814026758119420        1.4459767175672593        1.4459767175672593        1.4459767175672593     
  0.23055970583287211       0.23615025824255653       0.25674553089118857       0.27410159730922046       0.25767323309399703       0.25767323309399703       0.25767323309399703       0.21914774869411846       0.25102007477692601       0.40922958923492936       0.29218130112132790       -6.1514794756959756E-002  -6.1514794756959756E-002  -6.1514794756959756E-002
   5.1240242790612758        5.1736553887250754        5.1346747131972617        5.5765305847193396        5.0684866008321343        5.0684866008321343        5.0684866008321343        4.9972951975909723        5.0673844601487339        5.0750910900431485        4.0004133113234488        4.6003406655895756        4.6003406655895756        4.6003406655895756     
   17.063190089813020        16.571485415881305        17.850405121350725        20.367953188980977        17.304570980858827        17.304570980858827        17.304570980858827        17.592494993388669        18.385460747724835        5.4586435220602532        6.7184036284699147        2.0805744349588942        2.0805744349588942        2.0805744349588942     
   4.8640769924628984        4.9828879651838776        3.4406746777900281        3.1782771617935950        3.5222394940164037        3.5222394940164037        3.5222394940164037        3.7516860429363845        2.5401933328834474        1.0108919557675193      -0.53530378189631733       -1.5803327079016398       -1.5803327079016398       -1.5803327079016398     
  -11.124743931780046       -11.284347346106046       -22.730292078075536       -29.650706360815541       -21.619037818137400       -21.619037818137400       -21.619037818137400       -9.3379564054439612       -21.785514097251806       -3.7814485477537545       -5.2885372640344173        2.8969386512978588        2.8969386512978588        2.8969386512978588     
  -29.743545755147764       -28.606282875332795       -3.8597126237266792       0.83474691446072313       -5.4886894556380952       -5.4886894556380952       -5.4886894556380952       -33.082555042106975       -6.5819818626223991       -7.8492714203742082       -3.0160480583978853       -1.7616324196640676       -1.7616324196640676       -1.7616324196640676     
   56.884161333967654        57.663991665415921        35.133397496876569        50.647742480198758        34.496070224486004        34.496070224486004        34.496070224486004        52.819232581491775        34.005644883956251        15.351584404297128        2.8258866633239847        1.6817199251103716        1.6817199251103716        1.6817199251103716     

  0.91029341514765250       0.94361706970377202       0.63480168914786883       0.67272159165824319       0.67257890435562417       0.67257890435562417       0.67257890435562417       0.82973397555464856       0.69870302421407249       0.64023616228738822       0.61444808084138891       0.61747530911894699       0.61747530911894699       0.61747530911894699     
  0.40762685977093693       0.41240985820525689       0.31954731931440516       0.32723925222708994       0.32801115160376360       0.32801115160376360       0.32801115160376360       0.37849243446872594       0.34339918131460356       0.25322104294090542       0.27870557012224628       0.17350751774823259       0.17350751774823259       0.17350751774823259     
   4.6681637279375261        4.9254701681986521        5.2980030696500853        5.2186990263232902        5.3084332155747571        5.3084332155747571        5.3084332155747571        4.7643609422044317        4.6170248214252787        4.7979627451814650        5.1330854624902607        6.2868634325400805        6.2868634325400805        6.2868634325400805     
  -3.7643398519494831       -4.4083521216654642        2.2142849492357257        2.3884444706687340        2.1837925900042983        2.1837925900042983        2.1837925900042983       -2.8277081234111883       -1.8160969371787452        4.2392117255481772        4.4107697357831981      -0.22174700696716698      -0.22174700696716698      -0.22174700696716698     
   1.1880789522665793        1.2463724368455473       0.63208819643107717       0.39757754472969964       0.46161769783622475       0.46161769783622475       0.46161769783622475        1.0410392134294071        1.2344247334886163      -0.86606582745650229      -0.61260039140990585        1.5960286961967398        1.5960286961967398        1.5960286961967398     
   1.5291205282199343        2.4895595980632521        1.1141849496183482       0.48550292056529543       0.90744322593872084       0.90744322593872084       0.90744322593872084        1.9539884076051663      -0.16259508713645232       0.71348070484449977        2.0830041828382519        4.8916342233554388        4.8916342233554388        4.8916342233554388     
   16.253740232531072        19.449573155101973      -0.64915854612883095       0.23095765200550034       0.52118262727684339       0.52118262727684339       0.52118262727684339        14.066711320183202        13.640597888812209       -3.6796274439325316E-002   8.6880446669013622E-002  0.65636912766980515       0.65636912766980515       0.65636912766980515     
  -20.305322388227026       -24.334915573768839       -3.5664946055619424       -4.3946306609371959       -4.5347278717692632       -4.5347278717692632       -4.5347278717692632       -19.328621393235863       -17.742963957714721       -7.8052419937401964       -9.7416369138340428       -1.2970144658618779       -1.2970144658618779       -1.2970144658618779     

  0.14273292934333107       0.17041598091669866       0.19464799870644364       0.18891988787717062       0.17324679945056629       0.17324679945056629       0.17324679945056629       0.14429474353889482       0.21513269763151913       0.56349669931328317       0.51733373012243067       0.17359331825078123       0.17359331825078123       0.17359331825078123     
 -0.34162917617347510      -0.32008553829850511      -0.30514907260587876      -0.30966500656225182      -0.31839468691859263      -0.31839468691859263      -0.31839468691859263      -0.34496296259137166      -0.27535282474704048       -5.4573670067042945E-003  0.25666943741599746        1.0967129305731791        1.0967129305731791        1.0967129305731791     
   10.827323139363649        9.7432893355147741        9.3001194481590836        9.9347923814902082        7.5472473584996758        7.5472473584996758        7.5472473584996758        9.5739576697445763        8.0003843039337319        11.345395511561469        11.665090338783152        11.787854190741538        11.787854190741538        11.787854190741538     
   5.0027830371622102        6.8832497557979160        8.2189044779734743        10.201688046803071        4.6656415418334483        4.6656415418334483        4.6656415418334483        7.1257690422050537        4.5676807667120691       0.98338233562665778        5.6699905726559621        17.823198563015723        17.823198563015723        17.823198563015723     
  -1.7672919348546827       -2.7139151773761014       -3.3945336963622026       -3.3944414812897605       -2.6825351710135266       -2.6825351710135266       -2.6825351710135266       -2.3595330775721806       -2.8903989229423104       -2.0529385318948243      -0.15075929957555445        13.840967577992203        13.840967577992203        13.840967577992203     
  -1.5360037709100709       0.36165345115965408        6.4472840593995926       -2.7993712485700684      -0.59994778907757507      -0.59994778907757507      -0.59994778907757507      -0.96437612291958885        3.1846592048887175      -0.85732771906322114       -19.941120454049340        21.434075682884384        21.434075682884384        21.434075682884384     
  -17.435081378511569       -28.714253149940191       -54.944247537509277       -39.224719277393199       -7.2368052367394569       -7.2368052367394569       -7.2368052367394569       -35.577218561550474       -18.052446949989317        5.6081216233569933       -9.6764826454048602        19.488372520528671        19.488372520528671        19.488372520528671     
   60.183242290589050        50.896986191873424        70.447605968936529        68.302329202003563        10.943955882542127        10.943955882542127        10.943955882542127        65.792807885904068        20.540674170683573        14.928002142973796        74.210839747701300        21.991522335236525        21.991522335236525        21.991522335236525     

  0.18094035455122146       0.18530964169822536       0.19297395614528773       0.17403812640120953       0.19070814583830112       0.19070814583830112       0.19070814583830112       0.19193339500437920       0.18810043380849842       0.56737479952488401       0.61060641684367889       0.72313797141241509       0.72313797141241509       0.72313797141241509     
 -0.31553322318776300      -0.31058018109792007      -0.30610984538105485      -0.31816963537190290      -0.30841562924544053      -0.30841562924544053      -0.30841562924544053      -0.30840558775279248      -0.30198810682175320        5.7859761939949017E-004  0.35686570724287381       0.64855908346424518       0.64855908346424518       0.64855908346424518     
   11.744036498316076        11.361118162740537        11.224944506829804        11.184280172597045        10.870782515127310        10.870782515127310        10.870782515127310        11.993167707453761        11.982285436202259        9.6044487026058114        11.944384512135755        10.139626570444076        10.139626570444076        10.139626570444076     
   10.076453231280176        8.6578997567406475        8.8064480861762107        6.2105191317125410        11.033232766267929        11.033232766267929        11.033232766267929        12.441850397245652        6.9523526431981750        2.1167426139915477        10.267231039332728        2.5253982871419964        2.5253982871419964        2.5253982871419964     
  -3.2023737810613682       -3.0846449089960615       -3.2215122977124224       -2.6564950791382174       -3.4313465962559562       -3.4313465962559562       -3.4313465962559562       -3.5584160314603395       -2.7261585861809010       -2.2062985049959707       0.11114464896118648       -1.1731023614367473       -1.1731023614367473       -1.1731023614367473     
   9.6423719966956867        10.993889705192288        10.516117759650243        14.999322833216695        2.2867119537921496        2.2867119537921496        2.2867119537921496        5.0612947118115414        14.078064537456086        3.1284666043175093       -12.423304372280072       -1.0470470578062532       -1.0470470578062532       -1.0470470578062532     
  -1.0061205651817886        1.9836726363127468      -0.17640742934038656        6.8137700214183639        8.0899031660644312        8.0899031660644312        8.0899031660644312       -7.7528634837393753        6.9266039657286456        6.2533988559548987       -15.450271771521969       -2.1491864214226126       -2.1491864214226126       -2.1491864214226126     
  -40.956332934486689       -50.153588373361664       -45.802175178503404       -62.700785088060073       -47.935952965772564       -47.935952965772564       -47.935952965772564       -19.758228003595320       -53.898034953657977       -22.126793893976171        10.054337711115465       -4.1607831634364203       -4.1607831634364203       -4.1607831634364203     

  0.16927033372506026       0.10559589786437054       0.17533640876490442       0.18984325051707412       0.15002836126739827       0.15002836126739827       0.15002836126739827       0.17759561489620798       0.13435147402950456       0.30224505166498372       0.44105363821353261       0.49918723500494183       0.49918723500494183       0.49918723500494183     
 -0.31502659949177009      -0.36207151022331630      -0.31001431781889960      -0.30208338086515485      -0.32758985224120457      -0.32758985224120457      -0.32758985224120457      -0.30750225563523365      -0.33401721281890867      -0.13380761347614656       0.47907644152801732       0.95531344303329946       0.95531344303329946       0.95531344303329946     
   11.882749285249801        11.961520577885079        11.872458945090035        11.993998122441138        11.658454639552456        11.658454639552456        11.658454639552456        11.665778510029471        11.181910851879126        10.538868656606789        11.701656769125389        10.493968516759535        10.493968516759535        10.493968516759535     
   9.9755582703860313       -16.243460532421899        13.546425542559192        17.498770614617158        9.3749511973202075        9.3749511973202075        9.3749511973202075        15.085560275235622        4.4699682753766012        5.5514751794440471        2.8529545906705387        2.9165022566157077        2.9165022566157077        2.9165022566157077     
  -4.2818497688802495       -2.4745817439914219E-002  -4.4984353474460335       -5.1235097332994002       -3.5809309598984242       -3.5809309598984242       -3.5809309598984242       -4.6976011813085137       -2.6934870580504224       -3.1787990858704305        1.7983403420330788       -1.0550774555399443       -1.0550774555399443       -1.0550774555399443     
   2.0379184030183666        60.389615102456190       -6.0573229896008627       -12.217267462544157       -4.4127667247460352       -4.4127667247460352       -4.4127667247460352       -6.2779621010098339        5.0107839508820433       -5.9244979295290818       -16.403616569246978      -0.10705833431187273      -0.10705833431187273      -0.10705833431187273     
   22.063183000415577       -1.9775343946763968       -19.085937067560010       -30.334472254428299        2.6816861687680955        2.6816861687680955        2.6816861687680955       -39.060154930235257       0.24740071978045819        16.528703839946743       -12.841665122596069      -0.11569099643305947      -0.11569099643305947      -0.11569099643305947     
  -73.798969132858673       -89.666965149395750        30.048856458260403        54.235839712600523        2.0455637668306537        2.0455637668306537        2.0455637668306537        59.574036192202527       -8.2581667296699379       -16.055056889688629        48.682027908191486       -6.2474662448238405E-002  -6.2474662448238405E-002  -6.2474662448238405E-002

   2.7022505052079744        3.3372996353272479        3.4064631963709169        3.5933206457482076        3.5889393864888111        3.5889393864888111        3.5889393864888111        1.6691615692851940        1.1535064783981224       0.87440980774314681       0.64222064473891172       0.42881655130751467       0.42881655130751467       0.42881655130751467     
 -0.36322797762124909      -0.33884016395679134      -0.33584553661667876      -0.33102054391861296      -0.33156429687306682      -0.33156429687306682      -0.33156429687306682      -0.42134575428877863      -0.47708326859577954      -0.52662804219926196      -0.46518613081474464        2.5527858298179940E-003   2.5527858298179940E-003   2.5527858298179940E-003
   11.720475102595140        11.695579867235718        11.999971142741257        11.971078996377672        11.998286119652358        11.998286119652358        11.998286119652358        9.6695041900145444        7.5745064278292613        7.1449376298101566        6.9066290844496256        7.0744710866742633        7.0744710866742633        7.0744710866742633     
   22.972527451309539        36.894375698667197        31.762508745792545        38.347684730602019        38.565976181771674        38.565976181771674        38.565976181771674        2.1530489417859258        2.8528139640133077       0.82459128068344612      -0.18945733159625533        11.620162685136854        11.620162685136854        11.620162685136854     
  -5.8235347030278746       -7.3255584318892062       -7.0914449391122005       -7.6488543784010972       -7.6793220004563878       -7.6793220004563878       -7.6793220004563878       -2.9231983690275669       -2.0800450100021308       -1.4137232935773767       0.36076655166662164       -3.7134069667129950       -3.7134069667129950       -3.7134069667129950     
  -29.216930998503500       -88.954391082486751       -53.516814323714243       -88.325683989450226       -88.202892133104086       -88.202892133104086       -88.202892133104086        28.842041390376622       -1.9343291653354697        1.0562778930366221       -4.9478572610474174        8.7558271694472722        8.7558271694472722        8.7558271694472722     
  -29.946619022905047        88.144000967666386       -7.5658630383512531        75.539481094762493        72.695561120417182        72.695561120417182        72.695561120417182       -89.537429246961295        2.9015829434292755      -0.19657428945473043        3.4147337594846903       -18.921555280932679       -18.921555280932679       -18.921555280932679     
   89.878619009407430      -0.45685082903722218        89.340088766108153        16.097020418662538        20.432140783728315        20.432140783728315        20.432140783728315        89.818778126612642        1.4509686821884316        3.0011582370313192        8.0788976949658888        6.8836703318425378        6.8836703318425378        6.8836703318425378     

   9.9416769898972496E-002  0.10650199263556429       0.13085024966525369       0.12893223856839450       0.12088193761729092       0.12088193761729092       0.12088193761729092       0.10112424289360228       0.17259714969175594       0.44859147751325135       0.48314515457515916       0.44445566696374739       0.44445566696374739       0.44445566696374739     
 -0.36122807174681332      -0.34876660556180250      -0.32664248188125433      -0.32905997814727783      -0.33600992769189447      -0.33600992769189447      -0.33600992769189447      -0.35939390681390171      -0.26633216727949616       0.12094030350299345       0.61504634462269170        1.0411193935616809        1.0411193935616809        1.0411193935616809     
   10.050486581535399        11.846842417215203        11.819834585416650        11.938034415979736        11.990720429899376        11.990720429899376        11.990720429899376        11.832525761943607        11.998210540595455        11.979037573023302        11.957046653414544        10.647065459196030        10.647065459196030        10.647065459196030     
   12.122084190089112        5.4971762939485167        10.625422836668072        12.247289901567626        9.8118816242954949        9.8118816242954949        9.8118816242954949        8.6785930653501708        7.3432462489188737       -3.2977854980226375        3.7756882009311212        2.8711451950819651        2.8711451950819651        2.8711451950819651     
  -4.0132406363696447       -3.5242531791443525       -4.7741569428052202       -4.8247932453529430       -4.3726618174858842       -4.3726618174858842       -4.3726618174858842       -3.8371945601408584       -4.4660246304002840       -1.3002276517835085       -9.7732564342635442E-002  -1.0908468267907665       -1.0908468267907665       -1.0908468267907665     
  -30.476410435680499        5.5999926727856035        11.778640215641545        1.2221458705461714        3.8040629609514554        3.8040629609514554        3.8040629609514554        1.9224454957652597        9.8335979740906936       -17.829042661953039       -15.002348506644964      -0.21284892932804667      -0.21284892932804667      -0.21284892932804667     
   59.310778684255212       -12.913369580359145       -75.173845195557973       -48.068886418644240       -41.124844768418711       -41.124844768418711       -41.124844768418711       -36.237419193117965       -29.463392123234016        89.929466630511399       -15.248506818693400      -0.31715638618686626      -0.31715638618686626      -0.31715638618686626     
  -43.827507911666913        8.8522807873400779        84.625667334392119        62.435457746508916        51.075335247971850        51.075335247971850        51.075335247971850        53.270163271302891        17.308029165074117       -77.749408098526914        53.470583856755070      -0.46169431233751368      -0.46169431233751368      -0.46169431233751368     

   6.1827889938506651E-002   6.0753621196196504E-002  0.10672777658554605        7.9760089682667720E-002   7.4711986844677516E-002   7.4711986844677516E-002   7.4711986844677516E-002   7.1638463114103518E-002   9.4707308802756907E-002  0.44831541964903243       0.51506959608843050       -6.6285807898451801E-002  -6.6285807898451801E-002  -6.6285807898451801E-002
 -0.38151721575285635      -0.38052996744821732      -0.32200564939537207      -0.35256795725513884      -0.35907361342646926      -0.35907361342646926      -0.35907361342646926      -0.35832961583691908      -0.30764331768707354       0.15950817824876429        1.3468347798091227        1.3563543399192717        1.3563543399192717        1.3563543399192717     
   11.958463178861836        11.984491357679810        11.118022551417878        11.847597177633775        11.915881878979759        11.915881878979759        11.915881878979759        11.998568407926673        10.839416490613626        11.986977783691607        11.542701315967616        11.347118017516923        11.347118017516923        11.347118017516923     
   6.3899557883023874        4.2521925130257685        39.000008609585223        14.409540420371272        8.3666569193111471        8.3666569193111471        8.3666569193111471        6.5165337607572908        10.635417095698944        1.3245660721630124        7.3918039239306239       -1.2123333889584309       -1.2123333889584309       -1.2123333889584309     
  -4.1777416619140695       -3.7575485313406460       -8.2234580065076344       -5.5929837829111619       -4.8703340380646836       -4.8703340380646836       -4.8703340380646836       -4.4127431927389296       -5.1016386023473004       -3.6242604533516740       -7.4203915760477912E-002  -3.7222230714448656       -3.7222230714448656       -3.7222230714448656     
   7.5839066059968303        9.0021155209975348       -89.738279760007543        7.5129753827198442E-002   13.019297209109695        13.019297209109695        13.019297209109695        9.7164146349985998      -0.24118813284208329        5.0988909230130872       -10.835755068081923       -6.8908870924168610       -6.8908870924168610       -6.8908870924168610     
  -1.7754141879529328       -2.0168675053591585        84.028731923274023       -47.137533083072356       -34.353653285145043       -34.353653285145043       -34.353653285145043       -10.295475675783322       -17.827543339253680        12.421551245556799       -17.705603268746074       -11.270146792055328       -11.270146792055328       -11.270146792055328     
  -27.622723647904174       -16.504899256755053       -10.549409165023462        51.376046899803612        11.394168341334094        11.394168341334094        11.394168341334094       -14.685044358401584        11.821230997419960       -22.593139751425312        18.834104205253112       -16.827277019675705       -16.827277019675705       -16.827277019675705     
