 x_max:    3.9062500000000000E-003
 mu_F:    56.568542494923804     
 pdf_label:          82

 Parameters:
   1.1514590747939839        1.5094360747838111        1.5094360747838111        1.5094360747838111        1.5094360747838111        1.5094360747838111        1.5094360747838111       0.56141808715518782       0.65636215938661180       0.65636215938661180       0.65636215938661180       0.65636215938661180       0.65636215938661180       0.65636215938661180     
  0.41440515871581951       0.39052373388828965       0.39052373388828965       0.39052373388828965       0.39052373388828965       0.39052373388828965       0.39052373388828965       0.32169089020230723       0.34046472581302223       0.34046472581302223       0.34046472581302223       0.34046472581302223       0.34046472581302223       0.34046472581302223     
   4.3735696910092843        4.1676681120260284        4.1676681120260284        4.1676681120260284        4.1676681120260284        4.1676681120260284        4.1676681120260284        4.1413699104629673        4.0003223741059273        4.0003223741059273        4.0003223741059273        4.0003223741059273        4.0003223741059273        4.0003223741059273     
 -0.77713156817072715        4.2728329791435655        4.2728329791435655        4.2728329791435655        4.2728329791435655        4.2728329791435655        4.2728329791435655       -6.0899093256853920       -4.7176643864841434       -4.7176643864841434       -4.7176643864841434       -4.7176643864841434       -4.7176643864841434       -4.7176643864841434     
   2.8985973289311886       -9.6690227543803076E-003  -9.6690227543803076E-003  -9.6690227543803076E-003  -9.6690227543803076E-003  -9.6690227543803076E-003  -9.6690227543803076E-003   7.6690366276672535        6.3934353089380238        6.3934353089380238        6.3934353089380238        6.3934353089380238        6.3934353089380238        6.3934353089380238     
 -0.27716775864972476       -3.7421790340129633       -3.7421790340129633       -3.7421790340129633       -3.7421790340129633       -3.7421790340129633       -3.7421790340129633        6.2679881446949253        2.5467607944628270        2.5467607944628270        2.5467607944628270        2.5467607944628270        2.5467607944628270        2.5467607944628270     
  0.43598135148550909      -0.77500569693346222      -0.77500569693346222      -0.77500569693346222      -0.77500569693346222      -0.77500569693346222      -0.77500569693346222       -4.8023728250060884       -1.9020479174845804       -1.9020479174845804       -1.9020479174845804       -1.9020479174845804       -1.9020479174845804       -1.9020479174845804     
  0.57995683678909415        1.3581844136339640        1.3581844136339640        1.3581844136339640        1.3581844136339640        1.3581844136339640        1.3581844136339640       0.77872524023003109      -0.46192926082208885      -0.46192926082208885      -0.46192926082208885      -0.46192926082208885      -0.46192926082208885      -0.46192926082208885     

  0.71481913016885690       0.48724441529149465       0.48724441529149465       0.48724441529149465       0.48724441529149465       0.48724441529149465       0.48724441529149465        2.8424727924330742       0.47631673263478552       0.47631673263478552       0.47631673263478552       0.47631673263478552       0.47631673263478552       0.47631673263478552     
  0.36700307504091478       0.18128762619510952       0.18128762619510952       0.18128762619510952       0.18128762619510952       0.18128762619510952       0.18128762619510952       0.62213755007399785       0.35809716890194720       0.35809716890194720       0.35809716890194720       0.35809716890194720       0.35809716890194720       0.35809716890194720     
   7.1718011168802622        5.9109039389330178        5.9109039389330178        5.9109039389330178        5.9109039389330178        5.9109039389330178        5.9109039389330178        7.8860914649767935        7.6733490842652028        7.6733490842652028        7.6733490842652028        7.6733490842652028        7.6733490842652028        7.6733490842652028     
  -7.1168725646679878        1.1033447855769687        1.1033447855769687        1.1033447855769687        1.1033447855769687        1.1033447855769687        1.1033447855769687       -14.259432699657072       -19.616864651910955       -19.616864651910955       -19.616864651910955       -19.616864651910955       -19.616864651910955       -19.616864651910955     
   2.8181397627814349        5.1433714443803069E-002   5.1433714443803069E-002   5.1433714443803069E-002   5.1433714443803069E-002   5.1433714443803069E-002   5.1433714443803069E-002  0.37477472875890783        8.7583060266084232        8.7583060266084232        8.7583060266084232        8.7583060266084232        8.7583060266084232        8.7583060266084232     
   10.477342479241173        8.6169145098942295        8.6169145098942295        8.6169145098942295        8.6169145098942295        8.6169145098942295        8.6169145098942295        50.664011400528835       0.40040042092394401       0.40040042092394401       0.40040042092394401       0.40040042092394401       0.40040042092394401       0.40040042092394401     
   22.504649357650194        6.0701438995065473        6.0701438995065473        6.0701438995065473        6.0701438995065473        6.0701438995065473        6.0701438995065473       -48.247003744788110        89.907781046829342        89.907781046829342        89.907781046829342        89.907781046829342        89.907781046829342        89.907781046829342     
  -15.527883222303714       -19.579627500138997       -19.579627500138997       -19.579627500138997       -19.579627500138997       -19.579627500138997       -19.579627500138997        27.246886850841804       -51.043565794323825       -51.043565794323825       -51.043565794323825       -51.043565794323825       -51.043565794323825       -51.043565794323825     

  0.45121150800258697        1.7884151603912414E-002   1.7884151603912414E-002   1.7884151603912414E-002   1.7884151603912414E-002   1.7884151603912414E-002   1.7884151603912414E-002  0.27151604920203415       0.14376730505735782       0.14376730505735782       0.14376730505735782       0.14376730505735782       0.14376730505735782       0.14376730505735782     
 -0.10500565983525278      -0.75399702764813092      -0.75399702764813092      -0.75399702764813092      -0.75399702764813092      -0.75399702764813092      -0.75399702764813092      -0.24874862855279156      -0.34137920173715980      -0.34137920173715980      -0.34137920173715980      -0.34137920173715980      -0.34137920173715980      -0.34137920173715980     
   11.981250568149783        7.1891786517780680        7.1891786517780680        7.1891786517780680        7.1891786517780680        7.1891786517780680        7.1891786517780680        10.631088443208187        9.1465148215667824        9.1465148215667824        9.1465148215667824        9.1465148215667824        9.1465148215667824        9.1465148215667824     
   2.0831989675132370       -2.4498492747621761       -2.4498492747621761       -2.4498492747621761       -2.4498492747621761       -2.4498492747621761       -2.4498492747621761        9.6526406313467170        5.5276192570059841        5.5276192570059841        5.5276192570059841        5.5276192570059841        5.5276192570059841        5.5276192570059841     
  -2.6239517481473058        3.3868564789040505        3.3868564789040505        3.3868564789040505        3.3868564789040505        3.3868564789040505        3.3868564789040505       -4.0214969002642107       -2.1453139434701782       -2.1453139434701782       -2.1453139434701782       -2.1453139434701782       -2.1453139434701782       -2.1453139434701782     
   3.1697632532116558       -2.4196598564487743       -2.4196598564487743       -2.4196598564487743       -2.4196598564487743       -2.4196598564487743       -2.4196598564487743        7.4493984512436953       -2.0318709202097693       -2.0318709202097693       -2.0318709202097693       -2.0318709202097693       -2.0318709202097693       -2.0318709202097693     
   7.5314252455620760        14.542093245991936        14.542093245991936        14.542093245991936        14.542093245991936        14.542093245991936        14.542093245991936       -42.109414440629578       -8.1199904347578666       -8.1199904347578666       -8.1199904347578666       -8.1199904347578666       -8.1199904347578666       -8.1199904347578666     
   7.4527850184963000        24.139223013359640        24.139223013359640        24.139223013359640        24.139223013359640        24.139223013359640        24.139223013359640        87.764465568897805        40.388011456280992        40.388011456280992        40.388011456280992        40.388011456280992        40.388011456280992        40.388011456280992     

  0.24678521331669687       0.19666711637345774       0.19666711637345774       0.19666711637345774       0.19666711637345774       0.19666711637345774       0.19666711637345774       0.18729250055229577       0.16998622647234868       0.16998622647234868       0.16998622647234868       0.16998622647234868       0.16998622647234868       0.16998622647234868     
 -0.23557612623064472       0.17605105217831007       0.17605105217831007       0.17605105217831007       0.17605105217831007       0.17605105217831007       0.17605105217831007      -0.30765835858268592      -0.32183724043925865      -0.32183724043925865      -0.32183724043925865      -0.32183724043925865      -0.32183724043925865      -0.32183724043925865     
   11.199667312947318        11.846405323054276        11.846405323054276        11.846405323054276        11.846405323054276        11.846405323054276        11.846405323054276        6.8297931495567870        9.6034184718785873        9.6034184718785873        9.6034184718785873        9.6034184718785873        9.6034184718785873        9.6034184718785873     
   5.4106496737293170        5.7584199299349486        5.7584199299349486        5.7584199299349486        5.7584199299349486        5.7584199299349486        5.7584199299349486        8.9081072151644989        9.9286682551698071        9.9286682551698071        9.9286682551698071        9.9286682551698071        9.9286682551698071        9.9286682551698071     
  -2.5903831363869969        7.4472542227470768        7.4472542227470768        7.4472542227470768        7.4472542227470768        7.4472542227470768        7.4472542227470768       -3.4716221617647065       -3.1329156922980488       -3.1329156922980488       -3.1329156922980488       -3.1329156922980488       -3.1329156922980488       -3.1329156922980488     
   8.6385559225674911       0.76392383347447890       0.76392383347447890       0.76392383347447890       0.76392383347447890       0.76392383347447890       0.76392383347447890        10.814781406075326        8.7281252002305649        8.7281252002305649        8.7281252002305649        8.7281252002305649        8.7281252002305649        8.7281252002305649     
   3.5876964956293875       -69.206024744868969       -69.206024744868969       -69.206024744868969       -69.206024744868969       -69.206024744868969       -69.206024744868969       -49.909343654520924       -30.423196524103737       -30.423196524103737       -30.423196524103737       -30.423196524103737       -30.423196524103737       -30.423196524103737     
  -66.492550848409735        88.734259181455570        88.734259181455570        88.734259181455570        88.734259181455570        88.734259181455570        88.734259181455570        45.768681895642686       -2.7254113371185014       -2.7254113371185014       -2.7254113371185014       -2.7254113371185014       -2.7254113371185014       -2.7254113371185014     

  0.26380620857912690       0.63152205518860061       0.63152205518860061       0.63152205518860061       0.63152205518860061       0.63152205518860061       0.63152205518860061       0.14279002512900116       0.15659665616196822       0.15659665616196822       0.15659665616196822       0.15659665616196822       0.15659665616196822       0.15659665616196822     
 -0.19544455505888714       0.30150916271475392       0.30150916271475392       0.30150916271475392       0.30150916271475392       0.30150916271475392       0.30150916271475392      -0.32501783736996476      -0.32288534765552668      -0.32288534765552668      -0.32288534765552668      -0.32288534765552668      -0.32288534765552668      -0.32288534765552668     
   11.990607680519894        11.873060226464398        11.873060226464398        11.873060226464398        11.873060226464398        11.873060226464398        11.873060226464398        11.994646078328415        11.839085153288039        11.839085153288039        11.839085153288039        11.839085153288039        11.839085153288039        11.839085153288039     
   3.2405141048370396        1.4891851790701160        1.4891851790701160        1.4891851790701160        1.4891851790701160        1.4891851790701160        1.4891851790701160        4.1834194800790598        13.393825192090659        13.393825192090659        13.393825192090659        13.393825192090659        13.393825192090659        13.393825192090659     
  -3.1743869204682369       -1.2048992498463775       -1.2048992498463775       -1.2048992498463775       -1.2048992498463775       -1.2048992498463775       -1.2048992498463775       -2.7441475246125790       -4.2412619880420195       -4.2412619880420195       -4.2412619880420195       -4.2412619880420195       -4.2412619880420195       -4.2412619880420195     
   5.4304695392143145       -3.4189147668307669       -3.4189147668307669       -3.4189147668307669       -3.4189147668307669       -3.4189147668307669       -3.4189147668307669        3.2890820916049535       -7.8522049306086501       -7.8522049306086501       -7.8522049306086501       -7.8522049306086501       -7.8522049306086501       -7.8522049306086501     
   4.1148410591641067       -3.0790124195425363       -3.0790124195425363       -3.0790124195425363       -3.0790124195425363       -3.0790124195425363       -3.0790124195425363        3.5817009853442130       -17.931490429373227       -17.931490429373227       -17.931490429373227       -17.931490429373227       -17.931490429373227       -17.931490429373227     
  -26.282064353130878        29.595780755064482        29.595780755064482        29.595780755064482        29.595780755064482        29.595780755064482        29.595780755064482        2.7476644384929756        60.845836527711640        60.845836527711640        60.845836527711640        60.845836527711640        60.845836527711640        60.845836527711640     

  0.83698075427761265       0.81244380807263950       0.81244380807263950       0.81244380807263950       0.81244380807263950       0.81244380807263950       0.81244380807263950       0.90553109678980759        2.2271442643836745        2.2271442643836745        2.2271442643836745        2.2271442643836745        2.2271442643836745        2.2271442643836745     
 -0.52890801041351398      -0.47612660144642316      -0.47612660144642316      -0.47612660144642316      -0.47612660144642316      -0.47612660144642316      -0.47612660144642316      -0.49541025385271764      -0.38301185040037744      -0.38301185040037744      -0.38301185040037744      -0.38301185040037744      -0.38301185040037744      -0.38301185040037744     
   8.8698740254799535        7.5779514242855628        7.5779514242855628        7.5779514242855628        7.5779514242855628        7.5779514242855628        7.5779514242855628        8.6406754496122673        9.5862633743808061        9.5862633743808061        9.5862633743808061        9.5862633743808061        9.5862633743808061        9.5862633743808061     
   3.4267379582143747       -1.6865866069529680       -1.6865866069529680       -1.6865866069529680       -1.6865866069529680       -1.6865866069529680       -1.6865866069529680       -17.878049813229428        15.400130695266668        15.400130695266668        15.400130695266668        15.400130695266668        15.400130695266668        15.400130695266668     
  -1.2821000876838013        6.0137074362998533E-002   6.0137074362998533E-002   6.0137074362998533E-002   6.0137074362998533E-002   6.0137074362998533E-002   6.0137074362998533E-002  0.83937998742695896       -4.6749926640736845       -4.6749926640736845       -4.6749926640736845       -4.6749926640736845       -4.6749926640736845       -4.6749926640736845     
  -5.5412146941217770       -3.7054284372748612       -3.7054284372748612       -3.7054284372748612       -3.7054284372748612       -3.7054284372748612       -3.7054284372748612        68.764903689627317       -21.516088586713508       -21.516088586713508       -21.516088586713508       -21.516088586713508       -21.516088586713508       -21.516088586713508     
   7.1910395827468534        13.621765858322320        13.621765858322320        13.621765858322320        13.621765858322320        13.621765858322320        13.621765858322320       -89.267467896513821        7.9975757128871123        7.9975757128871123        7.9975757128871123        7.9975757128871123        7.9975757128871123        7.9975757128871123     
   18.380855077221582       -2.9495388053231864       -2.9495388053231864       -2.9495388053231864       -2.9495388053231864       -2.9495388053231864       -2.9495388053231864        73.810443241077962        24.401974178171074        24.401974178171074        24.401974178171074        24.401974178171074        24.401974178171074        24.401974178171074     

  0.21919850012585418       0.61774614609658729       0.61774614609658729       0.61774614609658729       0.61774614609658729       0.61774614609658729       0.61774614609658729       0.11295670586525237        9.8348638844132447E-002   9.8348638844132447E-002   9.8348638844132447E-002   9.8348638844132447E-002   9.8348638844132447E-002   9.8348638844132447E-002
 -0.20180639704297587       0.44662573659843563       0.44662573659843563       0.44662573659843563       0.44662573659843563       0.44662573659843563       0.44662573659843563      -0.33967334453095654      -0.35941976776547613      -0.35941976776547613      -0.35941976776547613      -0.35941976776547613      -0.35941976776547613      -0.35941976776547613     
   11.674569180408779        11.990180922012511        11.990180922012511        11.990180922012511        11.990180922012511        11.990180922012511        11.990180922012511        11.148498658637537        10.299776100425598        10.299776100425598        10.299776100425598        10.299776100425598        10.299776100425598        10.299776100425598     
   4.8147025985504399        1.0184455181551009        1.0184455181551009        1.0184455181551009        1.0184455181551009        1.0184455181551009        1.0184455181551009        7.9996367410300202        5.9110172853228811        5.9110172853228811        5.9110172853228811        5.9110172853228811        5.9110172853228811        5.9110172853228811     
  -4.2371940826083190       -1.3577352676192618       -1.3577352676192618       -1.3577352676192618       -1.3577352676192618       -1.3577352676192618       -1.3577352676192618       -4.1329967431767898       -3.6723657385120276       -3.6723657385120276       -3.6723657385120276       -3.6723657385120276       -3.6723657385120276       -3.6723657385120276     
   16.080000903312737       -3.9785579807231954       -3.9785579807231954       -3.9785579807231954       -3.9785579807231954       -3.9785579807231954       -3.9785579807231954        10.598383567136835        9.9433396705298378        9.9433396705298378        9.9433396705298378        9.9433396705298378        9.9433396705298378        9.9433396705298378     
  -34.588470113955871       -2.9370503910437691       -2.9370503910437691       -2.9370503910437691       -2.9370503910437691       -2.9370503910437691       -2.9370503910437691       -44.823430678818006       -33.597123053225168       -33.597123053225168       -33.597123053225168       -33.597123053225168       -33.597123053225168       -33.597123053225168     
   35.958117154303750        35.923175122786276        35.923175122786276        35.923175122786276        35.923175122786276        35.923175122786276        35.923175122786276        79.558026240609394        52.140220497991351        52.140220497991351        52.140220497991351        52.140220497991351        52.140220497991351        52.140220497991351     

  0.11248882607985455       0.33909948375933735       0.33909948375933735       0.33909948375933735       0.33909948375933735       0.33909948375933735       0.33909948375933735        7.4413558147844769E-002   4.5564304404886277E-002   4.5564304404886277E-002   4.5564304404886277E-002   4.5564304404886277E-002   4.5564304404886277E-002   4.5564304404886277E-002
 -0.22545249076644180       0.61965346259599063       0.61965346259599063       0.61965346259599063       0.61965346259599063       0.61965346259599063       0.61965346259599063      -0.34838506573386313      -0.41610845702306948      -0.41610845702306948      -0.41610845702306948      -0.41610845702306948      -0.41610845702306948      -0.41610845702306948     
   11.999989160427429        11.999330192262816        11.999330192262816        11.999330192262816        11.999330192262816        11.999330192262816        11.999330192262816        11.644974034641372        11.872742903239390        11.872742903239390        11.872742903239390        11.872742903239390        11.872742903239390        11.872742903239390     
   1.3201675626095373        4.8362907708194953        4.8362907708194953        4.8362907708194953        4.8362907708194953        4.8362907708194953        4.8362907708194953        9.7589622978882105        3.3288462465255293        3.3288462465255293        3.3288462465255293        3.3288462465255293        3.3288462465255293        3.3288462465255293     
  -3.4755068922088554      -0.50606339616689411      -0.50606339616689411      -0.50606339616689411      -0.50606339616689411      -0.50606339616689411      -0.50606339616689411       -4.8845524229625710       -3.0769148387190626       -3.0769148387190626       -3.0769148387190626       -3.0769148387190626       -3.0769148387190626       -3.0769148387190626     
   8.1707243893212080       -15.324457754381925       -15.324457754381925       -15.324457754381925       -15.324457754381925       -15.324457754381925       -15.324457754381925        10.660426297291579        7.3828501355644676        7.3828501355644676        7.3828501355644676        7.3828501355644676        7.3828501355644676        7.3828501355644676     
   8.8117828089828976       -15.754088171932679       -15.754088171932679       -15.754088171932679       -15.754088171932679       -15.754088171932679       -15.754088171932679       -45.875687496911944       -6.7094887435652595       -6.7094887435652595       -6.7094887435652595       -6.7094887435652595       -6.7094887435652595       -6.7094887435652595     
  -45.237396645177853        89.928853072176878        89.928853072176878        89.928853072176878        89.928853072176878        89.928853072176878        89.928853072176878        64.629022855045065        5.0674385048904185        5.0674385048904185        5.0674385048904185        5.0674385048904185        5.0674385048904185        5.0674385048904185     


  0.56141808715518782       0.65636215938661180       0.65636215938661180       0.65636215938661180       0.65636215938661180       0.65636215938661180       0.65636215938661180        1.1514590747939839        1.5094360747838111        1.5094360747838111        1.5094360747838111        1.5094360747838111        1.5094360747838111        1.5094360747838111     
  0.32169089020230723       0.34046472581302223       0.34046472581302223       0.34046472581302223       0.34046472581302223       0.34046472581302223       0.34046472581302223       0.41440515871581951       0.39052373388828965       0.39052373388828965       0.39052373388828965       0.39052373388828965       0.39052373388828965       0.39052373388828965     
   4.1413699104629673        4.0003223741059273        4.0003223741059273        4.0003223741059273        4.0003223741059273        4.0003223741059273        4.0003223741059273        4.3735696910092843        4.1676681120260284        4.1676681120260284        4.1676681120260284        4.1676681120260284        4.1676681120260284        4.1676681120260284     
  -6.0899093256853920       -4.7176643864841434       -4.7176643864841434       -4.7176643864841434       -4.7176643864841434       -4.7176643864841434       -4.7176643864841434      -0.77713156817072715        4.2728329791435655        4.2728329791435655        4.2728329791435655        4.2728329791435655        4.2728329791435655        4.2728329791435655     
   7.6690366276672535        6.3934353089380238        6.3934353089380238        6.3934353089380238        6.3934353089380238        6.3934353089380238        6.3934353089380238        2.8985973289311886       -9.6690227543803076E-003  -9.6690227543803076E-003  -9.6690227543803076E-003  -9.6690227543803076E-003  -9.6690227543803076E-003  -9.6690227543803076E-003
   6.2679881446949253        2.5467607944628270        2.5467607944628270        2.5467607944628270        2.5467607944628270        2.5467607944628270        2.5467607944628270      -0.27716775864972476       -3.7421790340129633       -3.7421790340129633       -3.7421790340129633       -3.7421790340129633       -3.7421790340129633       -3.7421790340129633     
  -4.8023728250060884       -1.9020479174845804       -1.9020479174845804       -1.9020479174845804       -1.9020479174845804       -1.9020479174845804       -1.9020479174845804       0.43598135148550909      -0.77500569693346222      -0.77500569693346222      -0.77500569693346222      -0.77500569693346222      -0.77500569693346222      -0.77500569693346222     
  0.77872524023003109      -0.46192926082208885      -0.46192926082208885      -0.46192926082208885      -0.46192926082208885      -0.46192926082208885      -0.46192926082208885       0.57995683678909415        1.3581844136339640        1.3581844136339640        1.3581844136339640        1.3581844136339640        1.3581844136339640        1.3581844136339640     

   2.8424727924330742       0.47631673263478552       0.47631673263478552       0.47631673263478552       0.47631673263478552       0.47631673263478552       0.47631673263478552       0.71481913016885690       0.48724441529149465       0.48724441529149465       0.48724441529149465       0.48724441529149465       0.48724441529149465       0.48724441529149465     
  0.62213755007399785       0.35809716890194720       0.35809716890194720       0.35809716890194720       0.35809716890194720       0.35809716890194720       0.35809716890194720       0.36700307504091478       0.18128762619510952       0.18128762619510952       0.18128762619510952       0.18128762619510952       0.18128762619510952       0.18128762619510952     
   7.8860914649767935        7.6733490842652028        7.6733490842652028        7.6733490842652028        7.6733490842652028        7.6733490842652028        7.6733490842652028        7.1718011168802622        5.9109039389330178        5.9109039389330178        5.9109039389330178        5.9109039389330178        5.9109039389330178        5.9109039389330178     
  -14.259432699657072       -19.616864651910955       -19.616864651910955       -19.616864651910955       -19.616864651910955       -19.616864651910955       -19.616864651910955       -7.1168725646679878        1.1033447855769687        1.1033447855769687        1.1033447855769687        1.1033447855769687        1.1033447855769687        1.1033447855769687     
  0.37477472875890783        8.7583060266084232        8.7583060266084232        8.7583060266084232        8.7583060266084232        8.7583060266084232        8.7583060266084232        2.8181397627814349        5.1433714443803069E-002   5.1433714443803069E-002   5.1433714443803069E-002   5.1433714443803069E-002   5.1433714443803069E-002   5.1433714443803069E-002
   50.664011400528835       0.40040042092394401       0.40040042092394401       0.40040042092394401       0.40040042092394401       0.40040042092394401       0.40040042092394401        10.477342479241173        8.6169145098942295        8.6169145098942295        8.6169145098942295        8.6169145098942295        8.6169145098942295        8.6169145098942295     
  -48.247003744788110        89.907781046829342        89.907781046829342        89.907781046829342        89.907781046829342        89.907781046829342        89.907781046829342        22.504649357650194        6.0701438995065473        6.0701438995065473        6.0701438995065473        6.0701438995065473        6.0701438995065473        6.0701438995065473     
   27.246886850841804       -51.043565794323825       -51.043565794323825       -51.043565794323825       -51.043565794323825       -51.043565794323825       -51.043565794323825       -15.527883222303714       -19.579627500138997       -19.579627500138997       -19.579627500138997       -19.579627500138997       -19.579627500138997       -19.579627500138997     

  0.27151604920203415       0.14376730505735782       0.14376730505735782       0.14376730505735782       0.14376730505735782       0.14376730505735782       0.14376730505735782       0.45121150800258697        1.7884151603912414E-002   1.7884151603912414E-002   1.7884151603912414E-002   1.7884151603912414E-002   1.7884151603912414E-002   1.7884151603912414E-002
 -0.24874862855279156      -0.34137920173715980      -0.34137920173715980      -0.34137920173715980      -0.34137920173715980      -0.34137920173715980      -0.34137920173715980      -0.10500565983525278      -0.75399702764813092      -0.75399702764813092      -0.75399702764813092      -0.75399702764813092      -0.75399702764813092      -0.75399702764813092     
   10.631088443208187        9.1465148215667824        9.1465148215667824        9.1465148215667824        9.1465148215667824        9.1465148215667824        9.1465148215667824        11.981250568149783        7.1891786517780680        7.1891786517780680        7.1891786517780680        7.1891786517780680        7.1891786517780680        7.1891786517780680     
   9.6526406313467170        5.5276192570059841        5.5276192570059841        5.5276192570059841        5.5276192570059841        5.5276192570059841        5.5276192570059841        2.0831989675132370       -2.4498492747621761       -2.4498492747621761       -2.4498492747621761       -2.4498492747621761       -2.4498492747621761       -2.4498492747621761     
  -4.0214969002642107       -2.1453139434701782       -2.1453139434701782       -2.1453139434701782       -2.1453139434701782       -2.1453139434701782       -2.1453139434701782       -2.6239517481473058        3.3868564789040505        3.3868564789040505        3.3868564789040505        3.3868564789040505        3.3868564789040505        3.3868564789040505     
   7.4493984512436953       -2.0318709202097693       -2.0318709202097693       -2.0318709202097693       -2.0318709202097693       -2.0318709202097693       -2.0318709202097693        3.1697632532116558       -2.4196598564487743       -2.4196598564487743       -2.4196598564487743       -2.4196598564487743       -2.4196598564487743       -2.4196598564487743     
  -42.109414440629578       -8.1199904347578666       -8.1199904347578666       -8.1199904347578666       -8.1199904347578666       -8.1199904347578666       -8.1199904347578666        7.5314252455620760        14.542093245991936        14.542093245991936        14.542093245991936        14.542093245991936        14.542093245991936        14.542093245991936     
   87.764465568897805        40.388011456280992        40.388011456280992        40.388011456280992        40.388011456280992        40.388011456280992        40.388011456280992        7.4527850184963000        24.139223013359640        24.139223013359640        24.139223013359640        24.139223013359640        24.139223013359640        24.139223013359640     

  0.18729250055229577       0.16998622647234868       0.16998622647234868       0.16998622647234868       0.16998622647234868       0.16998622647234868       0.16998622647234868       0.24678521331669687       0.19666711637345774       0.19666711637345774       0.19666711637345774       0.19666711637345774       0.19666711637345774       0.19666711637345774     
 -0.30765835858268592      -0.32183724043925865      -0.32183724043925865      -0.32183724043925865      -0.32183724043925865      -0.32183724043925865      -0.32183724043925865      -0.23557612623064472       0.17605105217831007       0.17605105217831007       0.17605105217831007       0.17605105217831007       0.17605105217831007       0.17605105217831007     
   6.8297931495567870        9.6034184718785873        9.6034184718785873        9.6034184718785873        9.6034184718785873        9.6034184718785873        9.6034184718785873        11.199667312947318        11.846405323054276        11.846405323054276        11.846405323054276        11.846405323054276        11.846405323054276        11.846405323054276     
   8.9081072151644989        9.9286682551698071        9.9286682551698071        9.9286682551698071        9.9286682551698071        9.9286682551698071        9.9286682551698071        5.4106496737293170        5.7584199299349486        5.7584199299349486        5.7584199299349486        5.7584199299349486        5.7584199299349486        5.7584199299349486     
  -3.4716221617647065       -3.1329156922980488       -3.1329156922980488       -3.1329156922980488       -3.1329156922980488       -3.1329156922980488       -3.1329156922980488       -2.5903831363869969        7.4472542227470768        7.4472542227470768        7.4472542227470768        7.4472542227470768        7.4472542227470768        7.4472542227470768     
   10.814781406075326        8.7281252002305649        8.7281252002305649        8.7281252002305649        8.7281252002305649        8.7281252002305649        8.7281252002305649        8.6385559225674911       0.76392383347447890       0.76392383347447890       0.76392383347447890       0.76392383347447890       0.76392383347447890       0.76392383347447890     
  -49.909343654520924       -30.423196524103737       -30.423196524103737       -30.423196524103737       -30.423196524103737       -30.423196524103737       -30.423196524103737        3.5876964956293875       -69.206024744868969       -69.206024744868969       -69.206024744868969       -69.206024744868969       -69.206024744868969       -69.206024744868969     
   45.768681895642686       -2.7254113371185014       -2.7254113371185014       -2.7254113371185014       -2.7254113371185014       -2.7254113371185014       -2.7254113371185014       -66.492550848409735        88.734259181455570        88.734259181455570        88.734259181455570        88.734259181455570        88.734259181455570        88.734259181455570     

  0.14279002512900116       0.15659665616196822       0.15659665616196822       0.15659665616196822       0.15659665616196822       0.15659665616196822       0.15659665616196822       0.26380620857912690       0.63152205518860061       0.63152205518860061       0.63152205518860061       0.63152205518860061       0.63152205518860061       0.63152205518860061     
 -0.32501783736996476      -0.32288534765552668      -0.32288534765552668      -0.32288534765552668      -0.32288534765552668      -0.32288534765552668      -0.32288534765552668      -0.19544455505888714       0.30150916271475392       0.30150916271475392       0.30150916271475392       0.30150916271475392       0.30150916271475392       0.30150916271475392     
   11.994646078328415        11.839085153288039        11.839085153288039        11.839085153288039        11.839085153288039        11.839085153288039        11.839085153288039        11.990607680519894        11.873060226464398        11.873060226464398        11.873060226464398        11.873060226464398        11.873060226464398        11.873060226464398     
   4.1834194800790598        13.393825192090659        13.393825192090659        13.393825192090659        13.393825192090659        13.393825192090659        13.393825192090659        3.2405141048370396        1.4891851790701160        1.4891851790701160        1.4891851790701160        1.4891851790701160        1.4891851790701160        1.4891851790701160     
  -2.7441475246125790       -4.2412619880420195       -4.2412619880420195       -4.2412619880420195       -4.2412619880420195       -4.2412619880420195       -4.2412619880420195       -3.1743869204682369       -1.2048992498463775       -1.2048992498463775       -1.2048992498463775       -1.2048992498463775       -1.2048992498463775       -1.2048992498463775     
   3.2890820916049535       -7.8522049306086501       -7.8522049306086501       -7.8522049306086501       -7.8522049306086501       -7.8522049306086501       -7.8522049306086501        5.4304695392143145       -3.4189147668307669       -3.4189147668307669       -3.4189147668307669       -3.4189147668307669       -3.4189147668307669       -3.4189147668307669     
   3.5817009853442130       -17.931490429373227       -17.931490429373227       -17.931490429373227       -17.931490429373227       -17.931490429373227       -17.931490429373227        4.1148410591641067       -3.0790124195425363       -3.0790124195425363       -3.0790124195425363       -3.0790124195425363       -3.0790124195425363       -3.0790124195425363     
   2.7476644384929756        60.845836527711640        60.845836527711640        60.845836527711640        60.845836527711640        60.845836527711640        60.845836527711640       -26.282064353130878        29.595780755064482        29.595780755064482        29.595780755064482        29.595780755064482        29.595780755064482        29.595780755064482     

  0.90553109678980759        2.2271442643836745        2.2271442643836745        2.2271442643836745        2.2271442643836745        2.2271442643836745        2.2271442643836745       0.83698075427761265       0.81244380807263950       0.81244380807263950       0.81244380807263950       0.81244380807263950       0.81244380807263950       0.81244380807263950     
 -0.49541025385271764      -0.38301185040037744      -0.38301185040037744      -0.38301185040037744      -0.38301185040037744      -0.38301185040037744      -0.38301185040037744      -0.52890801041351398      -0.47612660144642316      -0.47612660144642316      -0.47612660144642316      -0.47612660144642316      -0.47612660144642316      -0.47612660144642316     
   8.6406754496122673        9.5862633743808061        9.5862633743808061        9.5862633743808061        9.5862633743808061        9.5862633743808061        9.5862633743808061        8.8698740254799535        7.5779514242855628        7.5779514242855628        7.5779514242855628        7.5779514242855628        7.5779514242855628        7.5779514242855628     
  -17.878049813229428        15.400130695266668        15.400130695266668        15.400130695266668        15.400130695266668        15.400130695266668        15.400130695266668        3.4267379582143747       -1.6865866069529680       -1.6865866069529680       -1.6865866069529680       -1.6865866069529680       -1.6865866069529680       -1.6865866069529680     
  0.83937998742695896       -4.6749926640736845       -4.6749926640736845       -4.6749926640736845       -4.6749926640736845       -4.6749926640736845       -4.6749926640736845       -1.2821000876838013        6.0137074362998533E-002   6.0137074362998533E-002   6.0137074362998533E-002   6.0137074362998533E-002   6.0137074362998533E-002   6.0137074362998533E-002
   68.764903689627317       -21.516088586713508       -21.516088586713508       -21.516088586713508       -21.516088586713508       -21.516088586713508       -21.516088586713508       -5.5412146941217770       -3.7054284372748612       -3.7054284372748612       -3.7054284372748612       -3.7054284372748612       -3.7054284372748612       -3.7054284372748612     
  -89.267467896513821        7.9975757128871123        7.9975757128871123        7.9975757128871123        7.9975757128871123        7.9975757128871123        7.9975757128871123        7.1910395827468534        13.621765858322320        13.621765858322320        13.621765858322320        13.621765858322320        13.621765858322320        13.621765858322320     
   73.810443241077962        24.401974178171074        24.401974178171074        24.401974178171074        24.401974178171074        24.401974178171074        24.401974178171074        18.380855077221582       -2.9495388053231864       -2.9495388053231864       -2.9495388053231864       -2.9495388053231864       -2.9495388053231864       -2.9495388053231864     

  0.11295670586525237        9.8348638844132447E-002   9.8348638844132447E-002   9.8348638844132447E-002   9.8348638844132447E-002   9.8348638844132447E-002   9.8348638844132447E-002  0.21919850012585418       0.61774614609658729       0.61774614609658729       0.61774614609658729       0.61774614609658729       0.61774614609658729       0.61774614609658729     
 -0.33967334453095654      -0.35941976776547613      -0.35941976776547613      -0.35941976776547613      -0.35941976776547613      -0.35941976776547613      -0.35941976776547613      -0.20180639704297587       0.44662573659843563       0.44662573659843563       0.44662573659843563       0.44662573659843563       0.44662573659843563       0.44662573659843563     
   11.148498658637537        10.299776100425598        10.299776100425598        10.299776100425598        10.299776100425598        10.299776100425598        10.299776100425598        11.674569180408779        11.990180922012511        11.990180922012511        11.990180922012511        11.990180922012511        11.990180922012511        11.990180922012511     
   7.9996367410300202        5.9110172853228811        5.9110172853228811        5.9110172853228811        5.9110172853228811        5.9110172853228811        5.9110172853228811        4.8147025985504399        1.0184455181551009        1.0184455181551009        1.0184455181551009        1.0184455181551009        1.0184455181551009        1.0184455181551009     
  -4.1329967431767898       -3.6723657385120276       -3.6723657385120276       -3.6723657385120276       -3.6723657385120276       -3.6723657385120276       -3.6723657385120276       -4.2371940826083190       -1.3577352676192618       -1.3577352676192618       -1.3577352676192618       -1.3577352676192618       -1.3577352676192618       -1.3577352676192618     
   10.598383567136835        9.9433396705298378        9.9433396705298378        9.9433396705298378        9.9433396705298378        9.9433396705298378        9.9433396705298378        16.080000903312737       -3.9785579807231954       -3.9785579807231954       -3.9785579807231954       -3.9785579807231954       -3.9785579807231954       -3.9785579807231954     
  -44.823430678818006       -33.597123053225168       -33.597123053225168       -33.597123053225168       -33.597123053225168       -33.597123053225168       -33.597123053225168       -34.588470113955871       -2.9370503910437691       -2.9370503910437691       -2.9370503910437691       -2.9370503910437691       -2.9370503910437691       -2.9370503910437691     
   79.558026240609394        52.140220497991351        52.140220497991351        52.140220497991351        52.140220497991351        52.140220497991351        52.140220497991351        35.958117154303750        35.923175122786276        35.923175122786276        35.923175122786276        35.923175122786276        35.923175122786276        35.923175122786276     

   7.4413558147844769E-002   4.5564304404886277E-002   4.5564304404886277E-002   4.5564304404886277E-002   4.5564304404886277E-002   4.5564304404886277E-002   4.5564304404886277E-002  0.11248882607985455       0.33909948375933735       0.33909948375933735       0.33909948375933735       0.33909948375933735       0.33909948375933735       0.33909948375933735     
 -0.34838506573386313      -0.41610845702306948      -0.41610845702306948      -0.41610845702306948      -0.41610845702306948      -0.41610845702306948      -0.41610845702306948      -0.22545249076644180       0.61965346259599063       0.61965346259599063       0.61965346259599063       0.61965346259599063       0.61965346259599063       0.61965346259599063     
   11.644974034641372        11.872742903239390        11.872742903239390        11.872742903239390        11.872742903239390        11.872742903239390        11.872742903239390        11.999989160427429        11.999330192262816        11.999330192262816        11.999330192262816        11.999330192262816        11.999330192262816        11.999330192262816     
   9.7589622978882105        3.3288462465255293        3.3288462465255293        3.3288462465255293        3.3288462465255293        3.3288462465255293        3.3288462465255293        1.3201675626095373        4.8362907708194953        4.8362907708194953        4.8362907708194953        4.8362907708194953        4.8362907708194953        4.8362907708194953     
  -4.8845524229625710       -3.0769148387190626       -3.0769148387190626       -3.0769148387190626       -3.0769148387190626       -3.0769148387190626       -3.0769148387190626       -3.4755068922088554      -0.50606339616689411      -0.50606339616689411      -0.50606339616689411      -0.50606339616689411      -0.50606339616689411      -0.50606339616689411     
   10.660426297291579        7.3828501355644676        7.3828501355644676        7.3828501355644676        7.3828501355644676        7.3828501355644676        7.3828501355644676        8.1707243893212080       -15.324457754381925       -15.324457754381925       -15.324457754381925       -15.324457754381925       -15.324457754381925       -15.324457754381925     
  -45.875687496911944       -6.7094887435652595       -6.7094887435652595       -6.7094887435652595       -6.7094887435652595       -6.7094887435652595       -6.7094887435652595        8.8117828089828976       -15.754088171932679       -15.754088171932679       -15.754088171932679       -15.754088171932679       -15.754088171932679       -15.754088171932679     
   64.629022855045065        5.0674385048904185        5.0674385048904185        5.0674385048904185        5.0674385048904185        5.0674385048904185        5.0674385048904185       -45.237396645177853        89.928853072176878        89.928853072176878        89.928853072176878        89.928853072176878        89.928853072176878        89.928853072176878     
