 x_max:    1.8906249999999999E-004
 mu_F:    74.795398019699803     
 pdf_label:          82

 Parameters:
  0.41118578717607596       0.52481949160898611        1.2575958525223354        1.1702110543208741        1.3306481320043990        1.3306481320043990        1.3306481320043990       0.41233884624380329       0.40433014204402035       0.49765788039229586       0.51921729071386202       0.52448848048977925       0.52448848048977925       0.52448848048977925     
  0.22792414693981700       0.25040150478346890       0.38949525221920567       0.32527605177052954       -5.5890631992452144E-002  -5.5890631992452144E-002  -5.5890631992452144E-002  0.24358654883722353       0.23147917161479969       0.25445735899192834       0.26255096966673652       0.26289664508578703       0.26289664508578703       0.26289664508578703     
   5.0924000251112149        5.1204301628565929        4.7446977212878032        4.2825678511324128        4.6517261497558131        4.6517261497558131        4.6517261497558131        5.3079540065964563        5.1517580357351074        5.2103014921680160        5.0880424537633697        5.0783998201142353        5.0783998201142353        5.0783998201142353     
   15.462539073266989        18.053097359791025        4.6612540551329040        4.8705685527766605        1.7090380371118847        1.7090380371118847        1.7090380371118847        14.447253827807216        16.099882692435202        17.771794698259527        14.823155799746935        14.664103696565142        14.664103696565142        14.664103696565142     
   4.6285263793400304        2.5766764291354463       0.93248917782178609       0.26907995832941367       -1.4274189487387616       -1.4274189487387616       -1.4274189487387616        5.5916614339551813        4.8936979999023151        3.3492063672152170        3.5153956405281832        3.4498258367376735        3.4498258367376735        3.4498258367376735     
  -9.3917954372856656       -21.703393827605694       -2.7050217452122780       -2.2183911053524099        4.1997645764111127        4.1997645764111127        4.1997645764111127       -11.387789751828677       -9.9382615200149473       -22.735458623287172       -16.635185880188160       -16.206990561470946       -16.206990561470946       -16.206990561470946     
  -28.146178089090469       -6.5969090653152591       -6.9817098182440560       -5.9147228941351813       -3.0404348899699443       -3.0404348899699443       -3.0404348899699443       -22.447741737967704       -31.098804745643427       -3.3100344451722492       -9.3129507265427804       -10.107162907712166       -10.107162907712166       -10.107162907712166     
   50.925561030558555        34.586051458094246        9.8987057902024418        5.0932797112733681        2.3160592669709104        2.3160592669709104        2.3160592669709104        55.860988928634782        57.160341839511943        35.408769417951106        33.324651026895793        33.586250975756798        33.586250975756798        33.586250975756798     

  0.76073572833577841       0.65998238084824612       0.64627771771737252       0.61112555586141404       0.61599813824115124       0.61599813824115124       0.61599813824115124       0.92878347786793558       0.91428201741410597       0.62622084620394247       0.67458903191973330       0.67957656975369707       0.67957656975369707       0.67957656975369707     
  0.36330442337218916       0.32704660957271803       0.25754585088452231       0.27061645138288193       0.19184983199188244       0.19184983199188244       0.19184983199188244       0.40977783679825097       0.40976873899530597       0.31526803519166657       0.32591843637067863       0.32945617845235442       0.32945617845235442       0.32945617845235442     
   4.7501099051652886        4.5223709546174025        4.8072587990317199        5.1034677979126268        6.2982076618641401        6.2982076618641401        6.2982076618641401        4.8770259847773598        4.8255433559806349        5.3076778705929488        5.2071538022973733        5.3211130744407953        5.3211130744407953        5.3211130744407953     
  -3.3409822470080748       -1.0743979743168666        3.6242004752367372        4.3116590673152899      -0.22710950525033979      -0.22710950525033979      -0.22710950525033979       -3.8887998052423534       -5.2247193993113186        2.3297193454252749        2.3855719577837178        2.0582779435467700        2.0582779435467700        2.0582779435467700     
   1.3803649536172955        1.1195076064418572      -0.74528230133854834      -0.63899180401111977        1.6001521855981053        1.6001521855981053        1.6001521855981053        1.1766848477962100        1.4930466094103565       0.61391742257515602       0.36610191157475214       0.44454615389944507       0.44454615389944507       0.44454615389944507     
   1.6113590113167504      -0.55223891412914838        1.2550195556392794        1.9139499300088687        4.8785585821702568        4.8785585821702568        4.8785585821702568        2.0100013265652734        2.8423691333757262        1.0021331549756383       0.28083768802514442       0.83412914823736628       0.83412914823736628       0.83412914823736628     
   15.417319401328939        10.508009347596811       0.12612739737721768       -4.6023439517483666E-002  0.60640018779734817       0.60640018779734817       0.60640018779734817        16.935427472335448        20.037540528178667       -1.1405544802226473        4.5710484521094941E-002  0.62876064943249332       0.62876064943249332       0.62876064943249332     
  -20.218420543178510       -14.516993347954696       -8.1664275269454691       -9.4054811700624157       -1.4315329746461174       -1.4315329746461174       -1.4315329746461174       -21.366392249084640       -25.075875358186522       -3.1332961380320228       -4.1063031700596326       -4.4214870354586822       -4.4214870354586822       -4.4214870354586822     

  0.14981707244629075       0.21240197164607846       0.53228067831602766       0.55447474353997228       0.17289436137031622       0.17289436137031622       0.17289436137031622       0.14172700751137338       0.19953743241362593       0.17081510986265028       0.18070188897933315       0.21264119926083089       0.21264119926083089       0.21264119926083089     
 -0.34573319390941076      -0.28177471729811721       -2.5159659987486371E-002  0.31019877756811409        1.1380332300671989        1.1380332300671989        1.1380332300671989      -0.34757070867479384      -0.30855896199218930      -0.32456909375590748      -0.31913745711292485      -0.30572031199126021      -0.30572031199126021      -0.30572031199126021     
   10.604408640019292        7.6794136014958685        11.389091226435772        11.770559376742124        11.846142569490615        11.846142569490615        11.846142569490615        11.974847256222862        10.797009434186084        8.5183881819733713        8.9008849086818103        7.4017466232348585        7.4017466232348585        7.4017466232348585     
   12.512993000695900        4.5052403609985276        1.0365641262855014        6.0752392376739266        17.035784049881272        17.035784049881272        17.035784049881272        5.1620363316518336        17.435190456361610        5.1610443890986595        7.7451631066291782        31.296226016711010        31.296226016711010        31.296226016711010     
  -2.9057740539638175       -2.9460789088518951       -2.0811700088189014      -0.13272085387897903        12.932664618502443        12.932664618502443        12.932664618502443       -1.8159041208901812       -4.1843067043037578       -2.6940899981663620       -3.1574082845301490       -6.0639433783039394       -6.0639433783039394       -6.0639433783039394     
  -18.323564697604354        3.3627887416660087      -0.56769620011995414       -19.688178820744852        22.930014932778718        22.930014932778718        22.930014932778718       0.85903062097274585       -23.737015705554143        1.2192999059010674        1.0559682473374181       -61.510457239913904       -61.510457239913904       -61.510457239913904     
  -13.796785571346689       -17.574152718359358        5.7696091487765386       -11.477601144289210        24.717206688510046        24.717206688510046        24.717206688510046       -9.8797922790486581       -23.445035732292581       -13.371349088143020       -33.810015511985171       -7.6363745795354561       -7.6363745795354561       -7.6363745795354561     
   69.039607382432251        18.273234943950200        14.048903756372923        74.133233144683743        33.305611203811978        33.305611203811978        33.305611203811978        50.069863334980283        83.573009319483873        17.080468709465421        47.750270775151961        89.767480470844532        89.767480470844532        89.767480470844532     

  0.20033691562217076       0.14212524133720955       0.56148489456903516       0.60869834859198346       0.67847762462278083       0.67847762462278083       0.67847762462278083       0.17935936229451602       0.19104182935152436       0.18878282168736554       0.17859983402650681       0.19111513190510054       0.19111513190510054       0.19111513190510054     
 -0.30593940037460882      -0.35072677282029824       -4.4525316815774429E-003  0.35486181983177301       0.66427514659784670       0.66427514659784670       0.66427514659784670      -0.32045985818997269      -0.31098081034687070      -0.31309199745993505      -0.31949132139283654      -0.31349744664051038      -0.31349744664051038      -0.31349744664051038     
   11.997871152088848        10.541878970031350        9.7247001321563857        11.946895459438860        10.240012029508840        10.240012029508840        10.240012029508840        11.891007872389299        11.947245276352575        11.845636845076760        11.138198532626692        10.679240662749079        10.679240662749079        10.679240662749079     
   11.640022191434152        6.8485571128900311        2.1516132434720809        10.143065434853103        2.5749956723205685        2.5749956723205685        2.5749956723205685        9.2099148786107534        8.2537267269364243        7.9507688895944071        6.3551673777843156        12.467358155044685        12.467358155044685        12.467358155044685     
  -3.6150563334600818       -2.2473746047125545       -2.2309327644342503       0.11802113241772361       -1.1254939836776785       -1.1254939836776785       -1.1254939836776785       -3.1340652379554967       -3.1816856559453015       -3.1049404685172064       -2.8391202715852373       -3.6369791604175674       -3.6369791604175674       -3.6369791604175674     
   6.0855264129771598        10.704891549639299        3.2639003730139819       -12.769191880908480      -0.99168506930476497      -0.99168506930476497      -0.99168506930476497        11.201900944311035        13.980796353334199        14.227747404946967        16.502330147161757      -0.71156594772546100      -0.71156594772546100      -0.71156594772546100     
  -2.6978795191695326E-002   2.7940164342206799        6.4276900166102138       -15.539992824969005       -2.1169219476063574       -2.1169219476063574       -2.1169219476063574        6.0805624430384313        6.7588827286467108        3.2813448135909340       0.34471212597016176      -0.52986850078534076      -0.52986850078534076      -0.52986850078534076     
  -38.036336935780717       -50.680672775129956       -22.826927103295574        11.289992129176710       -4.2006887285987489       -4.2006887285987489       -4.2006887285987489       -55.664246370029097       -62.717627728256289       -55.465956131674766       -58.535870084737155       -30.320809657033152       -30.320809657033152       -30.320809657033152     

  0.18203759783430914       0.12736411562850250       0.28603916299029675       0.44032292518129312       0.50727048378964279       0.50727048378964279       0.50727048378964279       0.17271880177983920       0.17415135223363640       0.19617088301249125       0.18999853165777442       0.15396910190740137       0.15396910190740137       0.15396910190740137     
 -0.31023131887536171      -0.34801641937309724      -0.15319421947361900       0.49559781996318431       0.95338683074941999       0.95338683074941999       0.95338683074941999      -0.31897285885484150      -0.31594997596531077      -0.30271309183284822      -0.30695368274583951      -0.32967056172866444      -0.32967056172866444      -0.32967056172866444     
   11.999342533300366        10.888545868607409        10.340912009134151        11.455434616858183        10.488857274047071        10.488857274047071        10.488857274047071        11.901561979005034        11.664462787133580        11.571206188532273        11.470872756368827        11.670743889557023        11.670743889557023        11.670743889557023     
   15.856807070082901        4.6501385178177905        5.4638613600850228        2.8748875585583669        2.8754021914006422        2.8754021914006422        2.8754021914006422        17.268183789556559        15.769592291060420        19.647500947597941        17.832761258357507        10.056143018091550        10.056143018091550        10.056143018091550     
  -4.8789731911351808       -2.6863181972527244       -3.2278896184567003        1.7225285705415558       -1.0823800451446317       -1.0823800451446317       -1.0823800451446317       -4.9350456881027114       -4.7641111551209434       -5.4528492013698724       -5.2376005963245831       -3.8300893989527509       -3.8300893989527509       -3.8300893989527509     
  -6.3603928094709943        4.5275349163832317       -4.0449765654648218       -16.186298365120962      -0.15925288751354572      -0.15925288751354572      -0.15925288751354572       -11.045670811709485       -10.956855788673622       -19.525474749780116       -13.310048415173043       -2.3128746596345593       -2.3128746596345593       -2.3128746596345593     
  -41.447799390919215       -1.9736671543730324        11.017727416055038       -12.995716577428709      -0.18394489342550457      -0.18394489342550457      -0.18394489342550457       -40.964614717835794       -23.872324694772232       -21.239449405952811       -29.660512188848401       -4.0605944647662824       -4.0605944647662824       -4.0605944647662824     
   62.175039586657363       -5.0740939333341117       -11.887827495632507        46.650421677809959      -0.14662266322564221      -0.14662266322564221      -0.14662266322564221        71.403334809916743        42.474459812235636        47.504899249720182        51.188930324536415        1.5421135687522138        1.5421135687522138        1.5421135687522138     

   2.0599685714485596        1.1304162333911916       0.84142399630099352       0.62591116062045971       0.49193058709604232       0.49193058709604232       0.49193058709604232        2.5758653650667798        3.2945398196586542        3.4212662952284454        3.5123135533333287        3.5240261198023011        3.5240261198023011        3.5240261198023011     
 -0.40313945330605183      -0.48474752383377240      -0.53950171563773597      -0.46951010066774201       0.21473613054067298       0.21473613054067298       0.21473613054067298      -0.37383988551706154      -0.34580366936361467      -0.34130447062556707      -0.33894445071308749      -0.33905144613736865      -0.33905144613736865      -0.33905144613736865     
   7.7379591075229310        8.2012058604394209        7.9867192663347861        6.9728003360892412        6.9819095160522222        6.9819095160522222        6.9819095160522222        11.625950438088712        11.988088034188470        11.950475768534270        11.993218115269858        11.999642311300020        11.999642311300020        11.999642311300020     
   18.392282136485704        3.3142148961304159        1.5437363978934329      -0.34123693049055959        12.031871707403958        12.031871707403958        12.031871707403958        21.392468872246006        37.533976845937417        37.559659463005005        37.600078912795524        38.763231292653067        38.763231292653067        38.763231292653067     
  -4.9369521835675982       -2.1262958511367103       -1.4883435360850896       0.40488581291509718       -3.7646479545099965       -3.7646479545099965       -3.7646479545099965       -5.6620795584480135       -7.4302909252641882       -7.5224058821103981       -7.6475545320171321       -7.7416030864762106       -7.7416030864762106       -7.7416030864762106     
  -42.220085618292387       -1.2519889094613887        3.1524705830695723       -4.8176071580097641        9.3905578652574775        9.3905578652574775        9.3905578652574775       -24.161435038644626       -88.794403527370605       -87.610421261785291       -82.082987881883227       -87.751752707105283       -87.751752707105283       -87.751752707105283     
   53.402901488440449       -1.4434632584037672       -10.276997551921340        3.4906542286972808       -19.005674797575850       -19.005674797575850       -19.005674797575850       -34.928879926981985        81.166191109903309        79.131113928388288        56.952666815468802        69.259446678193370        69.259446678193370        69.259446678193370     
  -24.822934294293432        8.0589066800150846        16.136246463645094        8.0283411758271654        3.0196552857674277        3.0196552857674277        3.0196552857674277        88.300219058606302        11.174667897657315        10.128293815929695        34.208922019905870        24.275866924586097        24.275866924586097        24.275866924586097     

   9.3217491451176193E-002  0.18339129136533858       0.97435529973031199       0.50607865968082333       0.44158893369584745       0.44158893369584745       0.44158893369584745       0.10453848159229573        9.6999355527774223E-002  0.11155062181884834       0.10137406561297563       0.10370336906418208       0.10370336906418208       0.10370336906418208     
 -0.37684487424929380      -0.25671626813059845       0.18399601946550947       0.62323751521514059        1.0451277972026118        1.0451277972026118        1.0451277972026118      -0.35844108970439348      -0.36482362339392899      -0.34944901595742334      -0.35931452794769220      -0.35848626663441319      -0.35848626663441319      -0.35848626663441319     
   11.600264129846273        11.997892954013706        11.982891075869441        11.991083316769224        10.657010632960580        10.657010632960580        10.657010632960580        11.886409232002595        11.915245623825225        11.996054139951546        11.846965793264872        11.999937730367389        11.999937730367389        11.999937730367389     
   8.3430742787188912        5.9736664526464125        3.5001060883373931        3.9948873818824708        2.8697973964068808        2.8697973964068808        2.8697973964068808        5.4968093776775504        3.1664283596294887        4.2787517906547414       -3.9951188535015412        4.0953193480985064        4.0953193480985064        4.0953193480985064     
  -3.6624305792328755       -4.2785284140072690       -4.2577845620745833        3.6981012942291613E-002  -1.0908860493779571       -1.0908860493779571       -1.0908860493779571       -3.6072911151808711       -2.9356495369527522       -3.5684706965743018       -2.6426821703731989       -3.3152847639929988       -3.3152847639929988       -3.3152847639929988     
   1.4872293976685711        9.7141540672078577        6.3349627046609527       -17.316074068572675      -0.21917496285503546      -0.21917496285503546      -0.21917496285503546        5.7556246955891481        3.9388133002812964        7.2808968479338461        32.130211992790265        5.1401015829742107        5.1401015829742107        5.1401015829742107     
  -38.347306012447639       -20.127810282925552        3.8705643125191642       -15.210470907041284      -0.33262781227342941      -0.33262781227342941      -0.33262781227342941       -8.3900473048526294      -0.38611407773925066        4.2441520248461728       -5.2643289074037654       0.97680372818328465       0.97680372818328465       0.97680372818328465     
   59.601724036435542        6.5955276848912661       -18.399842982719392        57.604833266400590      -0.49519989097862549      -0.49519989097862549      -0.49519989097862549        3.5489730189461710        7.0064716580584587       -21.758032391650488       -55.263045107762956       -4.2765608648362559       -4.2765608648362559       -4.2765608648362559     

   6.9667916411833244E-002  0.11710381095828566       0.54818018180996730       0.51811715630749033       -6.5742579396524545E-002  -6.5742579396524545E-002  -6.5742579396524545E-002   5.6579252966694846E-002   6.2994211200847028E-002   7.7228274741641401E-002   8.5209627696548204E-002   6.8667243676817216E-002   6.8667243676817216E-002   6.8667243676817216E-002
 -0.37701019765637772      -0.27683943548356948       0.16163358590534482        1.3451627170762179        1.3559086909999423        1.3559086909999423        1.3559086909999423      -0.39802424406068010      -0.38379358485983617      -0.36134699486775501      -0.35284926092905156      -0.37583465569315960      -0.37583465569315960      -0.37583465569315960     
   11.976658632451814        11.998545963465574        11.976408764757668        11.532546119846906        11.346757573122316        11.346757573122316        11.346757573122316        11.628178886862957        11.997721658966274        11.993396673062804        11.833584659414786        11.086265582391590        11.086265582391590        11.086265582391590     
   15.071702535667768        8.5010162980228863        4.7450594806773871        7.4241401638271185      -0.91630687235330655      -0.91630687235330655      -0.91630687235330655        3.1841883066850798        3.9920833773270914        6.8886973950052095        16.476862555968921        4.3166493518208213        4.3166493518208213        4.3166493518208213     
  -5.2072429571444587       -5.0261523286390926       -4.4956076316663243       -4.8217680596067680E-002  -3.9616850051794117       -3.9616850051794117       -3.9616850051794117       -3.5185085081267928       -3.7514998250682154       -4.7258016920696733       -5.8333210933472017       -4.2307626191443646       -4.2307626191443646       -4.2307626191443646     
  -8.7912421018626787        9.0946993661115840        5.0635305789162999       -10.836078131572421       -7.0133027609472691       -7.0133027609472691       -7.0133027609472691        8.5581872866335544        8.0768507430295955        10.586244623619763       -8.2414004138774430        8.8719129218390407        8.8719129218390407        8.8719129218390407     
  -35.291498264335416       -29.437490657792075       -1.3968071379651832       -17.811270894776257       -12.041481688178465       -12.041481688178465       -12.041481688178465        6.6800888634986819        2.3478384047184164      -0.77327599604453212       -36.163955202694744        27.330028970329423        27.330028970329423        27.330028970329423     
   55.357215697584138        15.710336439106541       -9.7532350575079505        18.527141649561557       -15.443964132537488       -15.443964132537488       -15.443964132537488       -25.705274548688081       -16.936880871093010       -37.594141134940941        51.188037532121996       -79.254310717044973       -79.254310717044973       -79.254310717044973     


  0.41233884624380329       0.40433014204402035       0.49765788039229586       0.51921729071386202       0.52448848048977925       0.52448848048977925       0.52448848048977925       0.41118578717607596       0.52481949160898611        1.2575958525223354        1.1702110543208741        1.3306481320043990        1.3306481320043990        1.3306481320043990     
  0.24358654883722353       0.23147917161479969       0.25445735899192834       0.26255096966673652       0.26289664508578703       0.26289664508578703       0.26289664508578703       0.22792414693981700       0.25040150478346890       0.38949525221920567       0.32527605177052954       -5.5890631992452144E-002  -5.5890631992452144E-002  -5.5890631992452144E-002
   5.3079540065964563        5.1517580357351074        5.2103014921680160        5.0880424537633697        5.0783998201142353        5.0783998201142353        5.0783998201142353        5.0924000251112149        5.1204301628565929        4.7446977212878032        4.2825678511324128        4.6517261497558131        4.6517261497558131        4.6517261497558131     
   14.447253827807216        16.099882692435202        17.771794698259527        14.823155799746935        14.664103696565142        14.664103696565142        14.664103696565142        15.462539073266989        18.053097359791025        4.6612540551329040        4.8705685527766605        1.7090380371118847        1.7090380371118847        1.7090380371118847     
   5.5916614339551813        4.8936979999023151        3.3492063672152170        3.5153956405281832        3.4498258367376735        3.4498258367376735        3.4498258367376735        4.6285263793400304        2.5766764291354463       0.93248917782178609       0.26907995832941367       -1.4274189487387616       -1.4274189487387616       -1.4274189487387616     
  -11.387789751828677       -9.9382615200149473       -22.735458623287172       -16.635185880188160       -16.206990561470946       -16.206990561470946       -16.206990561470946       -9.3917954372856656       -21.703393827605694       -2.7050217452122780       -2.2183911053524099        4.1997645764111127        4.1997645764111127        4.1997645764111127     
  -22.447741737967704       -31.098804745643427       -3.3100344451722492       -9.3129507265427804       -10.107162907712166       -10.107162907712166       -10.107162907712166       -28.146178089090469       -6.5969090653152591       -6.9817098182440560       -5.9147228941351813       -3.0404348899699443       -3.0404348899699443       -3.0404348899699443     
   55.860988928634782        57.160341839511943        35.408769417951106        33.324651026895793        33.586250975756798        33.586250975756798        33.586250975756798        50.925561030558555        34.586051458094246        9.8987057902024418        5.0932797112733681        2.3160592669709104        2.3160592669709104        2.3160592669709104     

  0.92878347786793558       0.91428201741410597       0.62622084620394247       0.67458903191973330       0.67957656975369707       0.67957656975369707       0.67957656975369707       0.76073572833577841       0.65998238084824612       0.64627771771737252       0.61112555586141404       0.61599813824115124       0.61599813824115124       0.61599813824115124     
  0.40977783679825097       0.40976873899530597       0.31526803519166657       0.32591843637067863       0.32945617845235442       0.32945617845235442       0.32945617845235442       0.36330442337218916       0.32704660957271803       0.25754585088452231       0.27061645138288193       0.19184983199188244       0.19184983199188244       0.19184983199188244     
   4.8770259847773598        4.8255433559806349        5.3076778705929488        5.2071538022973733        5.3211130744407953        5.3211130744407953        5.3211130744407953        4.7501099051652886        4.5223709546174025        4.8072587990317199        5.1034677979126268        6.2982076618641401        6.2982076618641401        6.2982076618641401     
  -3.8887998052423534       -5.2247193993113186        2.3297193454252749        2.3855719577837178        2.0582779435467700        2.0582779435467700        2.0582779435467700       -3.3409822470080748       -1.0743979743168666        3.6242004752367372        4.3116590673152899      -0.22710950525033979      -0.22710950525033979      -0.22710950525033979     
   1.1766848477962100        1.4930466094103565       0.61391742257515602       0.36610191157475214       0.44454615389944507       0.44454615389944507       0.44454615389944507        1.3803649536172955        1.1195076064418572      -0.74528230133854834      -0.63899180401111977        1.6001521855981053        1.6001521855981053        1.6001521855981053     
   2.0100013265652734        2.8423691333757262        1.0021331549756383       0.28083768802514442       0.83412914823736628       0.83412914823736628       0.83412914823736628        1.6113590113167504      -0.55223891412914838        1.2550195556392794        1.9139499300088687        4.8785585821702568        4.8785585821702568        4.8785585821702568     
   16.935427472335448        20.037540528178667       -1.1405544802226473        4.5710484521094941E-002  0.62876064943249332       0.62876064943249332       0.62876064943249332        15.417319401328939        10.508009347596811       0.12612739737721768       -4.6023439517483666E-002  0.60640018779734817       0.60640018779734817       0.60640018779734817     
  -21.366392249084640       -25.075875358186522       -3.1332961380320228       -4.1063031700596326       -4.4214870354586822       -4.4214870354586822       -4.4214870354586822       -20.218420543178510       -14.516993347954696       -8.1664275269454691       -9.4054811700624157       -1.4315329746461174       -1.4315329746461174       -1.4315329746461174     

  0.14172700751137338       0.19953743241362593       0.17081510986265028       0.18070188897933315       0.21264119926083089       0.21264119926083089       0.21264119926083089       0.14981707244629075       0.21240197164607846       0.53228067831602766       0.55447474353997228       0.17289436137031622       0.17289436137031622       0.17289436137031622     
 -0.34757070867479384      -0.30855896199218930      -0.32456909375590748      -0.31913745711292485      -0.30572031199126021      -0.30572031199126021      -0.30572031199126021      -0.34573319390941076      -0.28177471729811721       -2.5159659987486371E-002  0.31019877756811409        1.1380332300671989        1.1380332300671989        1.1380332300671989     
   11.974847256222862        10.797009434186084        8.5183881819733713        8.9008849086818103        7.4017466232348585        7.4017466232348585        7.4017466232348585        10.604408640019292        7.6794136014958685        11.389091226435772        11.770559376742124        11.846142569490615        11.846142569490615        11.846142569490615     
   5.1620363316518336        17.435190456361610        5.1610443890986595        7.7451631066291782        31.296226016711010        31.296226016711010        31.296226016711010        12.512993000695900        4.5052403609985276        1.0365641262855014        6.0752392376739266        17.035784049881272        17.035784049881272        17.035784049881272     
  -1.8159041208901812       -4.1843067043037578       -2.6940899981663620       -3.1574082845301490       -6.0639433783039394       -6.0639433783039394       -6.0639433783039394       -2.9057740539638175       -2.9460789088518951       -2.0811700088189014      -0.13272085387897903        12.932664618502443        12.932664618502443        12.932664618502443     
  0.85903062097274585       -23.737015705554143        1.2192999059010674        1.0559682473374181       -61.510457239913904       -61.510457239913904       -61.510457239913904       -18.323564697604354        3.3627887416660087      -0.56769620011995414       -19.688178820744852        22.930014932778718        22.930014932778718        22.930014932778718     
  -9.8797922790486581       -23.445035732292581       -13.371349088143020       -33.810015511985171       -7.6363745795354561       -7.6363745795354561       -7.6363745795354561       -13.796785571346689       -17.574152718359358        5.7696091487765386       -11.477601144289210        24.717206688510046        24.717206688510046        24.717206688510046     
   50.069863334980283        83.573009319483873        17.080468709465421        47.750270775151961        89.767480470844532        89.767480470844532        89.767480470844532        69.039607382432251        18.273234943950200        14.048903756372923        74.133233144683743        33.305611203811978        33.305611203811978        33.305611203811978     

  0.17935936229451602       0.19104182935152436       0.18878282168736554       0.17859983402650681       0.19111513190510054       0.19111513190510054       0.19111513190510054       0.20033691562217076       0.14212524133720955       0.56148489456903516       0.60869834859198346       0.67847762462278083       0.67847762462278083       0.67847762462278083     
 -0.32045985818997269      -0.31098081034687070      -0.31309199745993505      -0.31949132139283654      -0.31349744664051038      -0.31349744664051038      -0.31349744664051038      -0.30593940037460882      -0.35072677282029824       -4.4525316815774429E-003  0.35486181983177301       0.66427514659784670       0.66427514659784670       0.66427514659784670     
   11.891007872389299        11.947245276352575        11.845636845076760        11.138198532626692        10.679240662749079        10.679240662749079        10.679240662749079        11.997871152088848        10.541878970031350        9.7247001321563857        11.946895459438860        10.240012029508840        10.240012029508840        10.240012029508840     
   9.2099148786107534        8.2537267269364243        7.9507688895944071        6.3551673777843156        12.467358155044685        12.467358155044685        12.467358155044685        11.640022191434152        6.8485571128900311        2.1516132434720809        10.143065434853103        2.5749956723205685        2.5749956723205685        2.5749956723205685     
  -3.1340652379554967       -3.1816856559453015       -3.1049404685172064       -2.8391202715852373       -3.6369791604175674       -3.6369791604175674       -3.6369791604175674       -3.6150563334600818       -2.2473746047125545       -2.2309327644342503       0.11802113241772361       -1.1254939836776785       -1.1254939836776785       -1.1254939836776785     
   11.201900944311035        13.980796353334199        14.227747404946967        16.502330147161757      -0.71156594772546100      -0.71156594772546100      -0.71156594772546100        6.0855264129771598        10.704891549639299        3.2639003730139819       -12.769191880908480      -0.99168506930476497      -0.99168506930476497      -0.99168506930476497     
   6.0805624430384313        6.7588827286467108        3.2813448135909340       0.34471212597016176      -0.52986850078534076      -0.52986850078534076      -0.52986850078534076       -2.6978795191695326E-002   2.7940164342206799        6.4276900166102138       -15.539992824969005       -2.1169219476063574       -2.1169219476063574       -2.1169219476063574     
  -55.664246370029097       -62.717627728256289       -55.465956131674766       -58.535870084737155       -30.320809657033152       -30.320809657033152       -30.320809657033152       -38.036336935780717       -50.680672775129956       -22.826927103295574        11.289992129176710       -4.2006887285987489       -4.2006887285987489       -4.2006887285987489     

  0.17271880177983920       0.17415135223363640       0.19617088301249125       0.18999853165777442       0.15396910190740137       0.15396910190740137       0.15396910190740137       0.18203759783430914       0.12736411562850250       0.28603916299029675       0.44032292518129312       0.50727048378964279       0.50727048378964279       0.50727048378964279     
 -0.31897285885484150      -0.31594997596531077      -0.30271309183284822      -0.30695368274583951      -0.32967056172866444      -0.32967056172866444      -0.32967056172866444      -0.31023131887536171      -0.34801641937309724      -0.15319421947361900       0.49559781996318431       0.95338683074941999       0.95338683074941999       0.95338683074941999     
   11.901561979005034        11.664462787133580        11.571206188532273        11.470872756368827        11.670743889557023        11.670743889557023        11.670743889557023        11.999342533300366        10.888545868607409        10.340912009134151        11.455434616858183        10.488857274047071        10.488857274047071        10.488857274047071     
   17.268183789556559        15.769592291060420        19.647500947597941        17.832761258357507        10.056143018091550        10.056143018091550        10.056143018091550        15.856807070082901        4.6501385178177905        5.4638613600850228        2.8748875585583669        2.8754021914006422        2.8754021914006422        2.8754021914006422     
  -4.9350456881027114       -4.7641111551209434       -5.4528492013698724       -5.2376005963245831       -3.8300893989527509       -3.8300893989527509       -3.8300893989527509       -4.8789731911351808       -2.6863181972527244       -3.2278896184567003        1.7225285705415558       -1.0823800451446317       -1.0823800451446317       -1.0823800451446317     
  -11.045670811709485       -10.956855788673622       -19.525474749780116       -13.310048415173043       -2.3128746596345593       -2.3128746596345593       -2.3128746596345593       -6.3603928094709943        4.5275349163832317       -4.0449765654648218       -16.186298365120962      -0.15925288751354572      -0.15925288751354572      -0.15925288751354572     
  -40.964614717835794       -23.872324694772232       -21.239449405952811       -29.660512188848401       -4.0605944647662824       -4.0605944647662824       -4.0605944647662824       -41.447799390919215       -1.9736671543730324        11.017727416055038       -12.995716577428709      -0.18394489342550457      -0.18394489342550457      -0.18394489342550457     
   71.403334809916743        42.474459812235636        47.504899249720182        51.188930324536415        1.5421135687522138        1.5421135687522138        1.5421135687522138        62.175039586657363       -5.0740939333341117       -11.887827495632507        46.650421677809959      -0.14662266322564221      -0.14662266322564221      -0.14662266322564221     

   2.5758653650667798        3.2945398196586542        3.4212662952284454        3.5123135533333287        3.5240261198023011        3.5240261198023011        3.5240261198023011        2.0599685714485596        1.1304162333911916       0.84142399630099352       0.62591116062045971       0.49193058709604232       0.49193058709604232       0.49193058709604232     
 -0.37383988551706154      -0.34580366936361467      -0.34130447062556707      -0.33894445071308749      -0.33905144613736865      -0.33905144613736865      -0.33905144613736865      -0.40313945330605183      -0.48474752383377240      -0.53950171563773597      -0.46951010066774201       0.21473613054067298       0.21473613054067298       0.21473613054067298     
   11.625950438088712        11.988088034188470        11.950475768534270        11.993218115269858        11.999642311300020        11.999642311300020        11.999642311300020        7.7379591075229310        8.2012058604394209        7.9867192663347861        6.9728003360892412        6.9819095160522222        6.9819095160522222        6.9819095160522222     
   21.392468872246006        37.533976845937417        37.559659463005005        37.600078912795524        38.763231292653067        38.763231292653067        38.763231292653067        18.392282136485704        3.3142148961304159        1.5437363978934329      -0.34123693049055959        12.031871707403958        12.031871707403958        12.031871707403958     
  -5.6620795584480135       -7.4302909252641882       -7.5224058821103981       -7.6475545320171321       -7.7416030864762106       -7.7416030864762106       -7.7416030864762106       -4.9369521835675982       -2.1262958511367103       -1.4883435360850896       0.40488581291509718       -3.7646479545099965       -3.7646479545099965       -3.7646479545099965     
  -24.161435038644626       -88.794403527370605       -87.610421261785291       -82.082987881883227       -87.751752707105283       -87.751752707105283       -87.751752707105283       -42.220085618292387       -1.2519889094613887        3.1524705830695723       -4.8176071580097641        9.3905578652574775        9.3905578652574775        9.3905578652574775     
  -34.928879926981985        81.166191109903309        79.131113928388288        56.952666815468802        69.259446678193370        69.259446678193370        69.259446678193370        53.402901488440449       -1.4434632584037672       -10.276997551921340        3.4906542286972808       -19.005674797575850       -19.005674797575850       -19.005674797575850     
   88.300219058606302        11.174667897657315        10.128293815929695        34.208922019905870        24.275866924586097        24.275866924586097        24.275866924586097       -24.822934294293432        8.0589066800150846        16.136246463645094        8.0283411758271654        3.0196552857674277        3.0196552857674277        3.0196552857674277     

  0.10453848159229573        9.6999355527774223E-002  0.11155062181884834       0.10137406561297563       0.10370336906418208       0.10370336906418208       0.10370336906418208        9.3217491451176193E-002  0.18339129136533858       0.97435529973031199       0.50607865968082333       0.44158893369584745       0.44158893369584745       0.44158893369584745     
 -0.35844108970439348      -0.36482362339392899      -0.34944901595742334      -0.35931452794769220      -0.35848626663441319      -0.35848626663441319      -0.35848626663441319      -0.37684487424929380      -0.25671626813059845       0.18399601946550947       0.62323751521514059        1.0451277972026118        1.0451277972026118        1.0451277972026118     
   11.886409232002595        11.915245623825225        11.996054139951546        11.846965793264872        11.999937730367389        11.999937730367389        11.999937730367389        11.600264129846273        11.997892954013706        11.982891075869441        11.991083316769224        10.657010632960580        10.657010632960580        10.657010632960580     
   5.4968093776775504        3.1664283596294887        4.2787517906547414       -3.9951188535015412        4.0953193480985064        4.0953193480985064        4.0953193480985064        8.3430742787188912        5.9736664526464125        3.5001060883373931        3.9948873818824708        2.8697973964068808        2.8697973964068808        2.8697973964068808     
  -3.6072911151808711       -2.9356495369527522       -3.5684706965743018       -2.6426821703731989       -3.3152847639929988       -3.3152847639929988       -3.3152847639929988       -3.6624305792328755       -4.2785284140072690       -4.2577845620745833        3.6981012942291613E-002  -1.0908860493779571       -1.0908860493779571       -1.0908860493779571     
   5.7556246955891481        3.9388133002812964        7.2808968479338461        32.130211992790265        5.1401015829742107        5.1401015829742107        5.1401015829742107        1.4872293976685711        9.7141540672078577        6.3349627046609527       -17.316074068572675      -0.21917496285503546      -0.21917496285503546      -0.21917496285503546     
  -8.3900473048526294      -0.38611407773925066        4.2441520248461728       -5.2643289074037654       0.97680372818328465       0.97680372818328465       0.97680372818328465       -38.347306012447639       -20.127810282925552        3.8705643125191642       -15.210470907041284      -0.33262781227342941      -0.33262781227342941      -0.33262781227342941     
   3.5489730189461710        7.0064716580584587       -21.758032391650488       -55.263045107762956       -4.2765608648362559       -4.2765608648362559       -4.2765608648362559        59.601724036435542        6.5955276848912661       -18.399842982719392        57.604833266400590      -0.49519989097862549      -0.49519989097862549      -0.49519989097862549     

   5.6579252966694846E-002   6.2994211200847028E-002   7.7228274741641401E-002   8.5209627696548204E-002   6.8667243676817216E-002   6.8667243676817216E-002   6.8667243676817216E-002   6.9667916411833244E-002  0.11710381095828566       0.54818018180996730       0.51811715630749033       -6.5742579396524545E-002  -6.5742579396524545E-002  -6.5742579396524545E-002
 -0.39802424406068010      -0.38379358485983617      -0.36134699486775501      -0.35284926092905156      -0.37583465569315960      -0.37583465569315960      -0.37583465569315960      -0.37701019765637772      -0.27683943548356948       0.16163358590534482        1.3451627170762179        1.3559086909999423        1.3559086909999423        1.3559086909999423     
   11.628178886862957        11.997721658966274        11.993396673062804        11.833584659414786        11.086265582391590        11.086265582391590        11.086265582391590        11.976658632451814        11.998545963465574        11.976408764757668        11.532546119846906        11.346757573122316        11.346757573122316        11.346757573122316     
   3.1841883066850798        3.9920833773270914        6.8886973950052095        16.476862555968921        4.3166493518208213        4.3166493518208213        4.3166493518208213        15.071702535667768        8.5010162980228863        4.7450594806773871        7.4241401638271185      -0.91630687235330655      -0.91630687235330655      -0.91630687235330655     
  -3.5185085081267928       -3.7514998250682154       -4.7258016920696733       -5.8333210933472017       -4.2307626191443646       -4.2307626191443646       -4.2307626191443646       -5.2072429571444587       -5.0261523286390926       -4.4956076316663243       -4.8217680596067680E-002  -3.9616850051794117       -3.9616850051794117       -3.9616850051794117     
   8.5581872866335544        8.0768507430295955        10.586244623619763       -8.2414004138774430        8.8719129218390407        8.8719129218390407        8.8719129218390407       -8.7912421018626787        9.0946993661115840        5.0635305789162999       -10.836078131572421       -7.0133027609472691       -7.0133027609472691       -7.0133027609472691     
   6.6800888634986819        2.3478384047184164      -0.77327599604453212       -36.163955202694744        27.330028970329423        27.330028970329423        27.330028970329423       -35.291498264335416       -29.437490657792075       -1.3968071379651832       -17.811270894776257       -12.041481688178465       -12.041481688178465       -12.041481688178465     
  -25.705274548688081       -16.936880871093010       -37.594141134940941        51.188037532121996       -79.254310717044973       -79.254310717044973       -79.254310717044973        55.357215697584138        15.710336439106541       -9.7532350575079505        18.527141649561557       -15.443964132537488       -15.443964132537488       -15.443964132537488     
