 x_max:    1.8906249999999999E-004
 mu_F:    61.919302321650882     
 pdf_label:          82

 Parameters:
  0.41401696023543905       0.52037315636428216        1.3074212366415179        1.2560573441521838        1.8675307056573418        1.8675307056573418        1.8675307056573418       0.39856096316148421       0.50193600818442485       0.49491011786778466       0.53189058094943298       0.47842702818612187       0.47842702818612187       0.47842702818612187     
  0.21829903021437302       0.24886340788212435       0.40748535665709373       0.31899112225045201       0.11441684660681373       0.11441684660681373       0.11441684660681373       0.22849536348775445       0.26139405010691319       0.25753952225909638       0.27427219594140406       0.26637087312037977       0.26637087312037977       0.26637087312037977     
   4.9824435146458868        5.0448368064936098        5.0341129965475391        4.0016555779382319        4.7721700849033279        4.7721700849033279        4.7721700849033279        5.0680381467620821        5.0728933295669929        5.1388683982276060        5.5710870302751800        5.6875130965267022        5.6875130965267022        5.6875130965267022     
   17.652546599452549        18.513782228995510        5.4471330923361769        4.5449168541912819        2.3579656444464021        2.3579656444464021        2.3579656444464021        17.320566608388198        17.317081474644588        17.781172970577586        20.374116358432431        22.738056582809790        22.738056582809790        22.738056582809790     
   3.6649205106151541        2.4447038882195997       0.96001640544084665      -0.10051134463709843       -1.7247387064385791       -1.7247387064385791       -1.7247387064385791        4.6549153230248237        3.4472574668207301        3.4549360238346338        3.1752606970583983        3.8814426780930376        3.8814426780930376        3.8814426780930376     
  -9.2187034574361633       -21.598678392887052       -3.6349856104022535       -2.1587462894782306        2.6413132532230179        2.6413132532230179        2.6413132532230179       -10.950371868242755       -22.168009296947261       -22.764299311557636       -29.627374921521593       -35.843879025034077       -35.843879025034077       -35.843879025034077     
  -33.336507029514500       -6.8591726986607142       -7.7887604009202676       -4.7431019807998780      -0.80611499808463805      -0.80611499808463805      -0.80611499808463805       -30.936687204361256       -3.7577289828928286       -3.6515643546288032       0.86774370014019553        6.1104064792426271        6.1104064792426271        6.1104064792426271     
   52.337177485524336        33.333194458036843        14.613468773157479        3.0159057820384021       0.55258018536359543       0.55258018536359543       0.55258018536359543        55.622440917857261        32.581146444867429        35.409381384260044        50.504367072234032        59.263598357028684        59.263598357028684        59.263598357028684     

  0.82795187271237913       0.67400802650863467       0.63075015095830955       0.61536459074083660       0.65668476779344154       0.65668476779344154       0.65668476779344154       0.90577062847762335       0.72934464236062169       0.63433896979084858       0.67277097279156406       0.67289111314456862       0.67289111314456862       0.67289111314456862     
  0.37922191921789516       0.33766217687637545       0.24883967597292367       0.27865383927711340       0.34309548181307070       0.34309548181307070       0.34309548181307070       0.40770635821275358       0.35070864539862057       0.31955438061077657       0.32740018472546217       0.32824387055244308       0.32824387055244308       0.32824387055244308     
   4.7155906426281780        4.4939805297928865        4.8555549368949809        5.1226824478943591        6.4813320208498686        6.4813320208498686        6.4813320208498686        4.6270421844000191        5.1244111199619047        5.2975154377158464        5.2183824163356256        5.3065963347929390        5.3065963347929390        5.3065963347929390     
  -2.7090696344507066       -1.6705385741360921        3.7659096411135664        4.4045529820671163       0.76034109829058849       0.76034109829058849       0.76034109829058849       -3.8754365256470642        1.1555938405073469        2.2262104981092712        2.3907711835156711        2.1824484454360373        2.1824484454360373        2.1824484454360373     
   1.0337190825571270        1.2944320443516872      -0.78977527329114139      -0.61700472246885596        1.7166074916569656        1.7166074916569656        1.7166074916569656        1.2360368656344107       0.54810697220189297       0.63324563083472896       0.39890437822326419       0.46245841983899538       0.46245841983899538       0.46245841983899538     
   1.7630592882763096      -0.57527888678956174        1.7820596468984888        2.0746961803468338        6.3777216616660581        6.3777216616660581        6.3777216616660581        1.5148946426546814       0.60436637107098079        1.1247841477943012       0.49667740092507984       0.91765178410929593       0.91765178410929593       0.91765178410929593     
   13.334763249845111        12.551376617535851       0.57651655635825705        8.0195571019316958E-002   1.6090760728445588        1.6090760728445588        1.6090760728445588        16.282443489323313        3.1235245076691598      -0.65015209892123949       0.25044816316501795       0.54485381591855742       0.54485381591855742       0.54485381591855742     
  -18.339923778412214       -16.334242908422894       -9.4017530886685989       -9.7355378956311824       -4.5051600582534377       -4.5051600582534377       -4.5051600582534377       -20.326052654360254       -6.9456046763826009       -3.5807441071485897       -4.4194282706880159       -4.5666770705882982       -4.5666770705882982       -4.5666770705882982     

  0.13179748198249999       0.21189120496311059       0.55959311332619321       0.52581058143122572       0.17134324538120133       0.17134324538120133       0.17134324538120133       0.14285409403574328       0.18179028830301627       0.17209248227019208       0.17902924560582253       0.21158345748728938       0.21158345748728938       0.21158345748728938     
 -0.35678165811299539      -0.27900916191687875       -6.8659350919743067E-003  0.25851188674767456        1.0821684675640546        1.0821684675640546        1.0821684675640546      -0.34110684223789295      -0.31305839060218338      -0.31862966368155959      -0.31550709843625341      -0.29736093943545672      -0.29736093943545672      -0.29736093943545672     
   10.171886576337496        7.8870170967092381        11.348136575650745        11.805112740720546        11.900851979808612        11.900851979808612        11.900851979808612        10.809994098143314        10.650528289355551        8.4564677294298569        9.0639078657475309        10.683463930982590        10.683463930982590        10.683463930982590     
   7.4282802918703936        4.8719838055127340       0.99193758060079773        5.6741479847380027        17.546383966681610        17.546383966681610        17.546383966681610        5.0013173613510737        11.588862420466423        5.1533746717464339        7.6628474448853829        18.514169147537736        18.514169147537736        18.514169147537736     
  -2.0412841586730295       -2.9457432914689932       -2.0476703679234092      -0.14227866175018988        13.614161815778431        13.614161815778431        13.614161815778431       -1.7653462036815100       -3.2635336398366874       -2.6206740584189419       -3.0478972697566746       -4.4505323077875687       -4.4505323077875687       -4.4505323077875687     
  -2.5941419537626729        3.2588967236771964      -0.85399708070896452       -20.100729380395450        22.164885674909414        22.164885674909414        22.164885674909414       -1.5989816218210109       -10.222627999189584       0.55944491325182355       0.34404952377998654       -24.323063021502520       -24.323063021502520       -24.323063021502520     
  -39.233805237016995       -20.506067152788958        5.5857914510318665       -10.171789668704719        21.654636941786848        21.654636941786848        21.654636941786848       -17.430078432849371       -28.167131573182566       -14.552674041735315       -31.183241594527971       -26.385558619309073       -26.385558619309073       -26.385558619309073     
   84.834007839627446        23.146651543190728        14.987550854455833        77.153570919705970        26.848618215319746        26.848618215319746        26.848618215319746        60.263401748083851        73.874919585427790        21.873892150883577        46.905229254388473        83.518179875847864        83.518179875847864        83.518179875847864     

  0.19490583178852466       0.17833137521501230       0.56888434172722702       0.61147715107832823       0.71521057015833223       0.71521057015833223       0.71521057015833223       0.18462169270054959       0.18660825601847894       0.19100432615895394       0.17804499199144960       0.19048225325048584       0.19048225325048584       0.19048225325048584     
 -0.30445350843390839      -0.31059543778487425        2.7187624991535930E-003  0.35801626434593281       0.62560875434315766       0.62560875434315766       0.62560875434315766      -0.31229007761863709      -0.30948436180582867      -0.30679234679249545      -0.31516059439274641      -0.30792726010701060      -0.30792726010701060      -0.30792726010701060     
   11.997095961585554        11.998618494664877        9.5283520091574232        11.941542159427515        10.189922151859879        10.189922151859879        10.189922151859879        11.626285552472581        10.833203847934714        11.078247351976142        11.278036661454681        10.711138736069520        10.711138736069520        10.711138736069520     
   10.657083144731793        7.1446208196349303        2.0908709691651417        10.289459841551359        2.5484660602418643        2.5484660602418643        2.5484660602418643        9.7005203028532634        8.8463255010101634        8.6113251059322842        5.9472234609963479        8.3483930190185163        8.3483930190185163        8.3483930190185163     
  -3.3786778922317069       -2.6465372814158030       -2.1965223154552618       0.10932031046291968       -1.1549940206020608       -1.1549940206020608       -1.1549940206020608       -3.2265505199716245       -3.1374258819998673       -3.1799222217746461       -2.7154160665046803       -3.2783530182380218       -3.2783530182380218       -3.2783530182380218     
   7.8230575476761999        13.810051965654765        3.0155896798804775       -12.370046330579356       -1.0206951572799881       -1.0206951572799881       -1.0206951572799881        10.828548207837997        9.5812456311295193        10.569763014125897        16.700260739834192        18.469667150208892        18.469667150208892        18.469667150208892     
   1.7881279507653431        7.1915460119515018        6.1446197475661535       -15.442479050381408       -2.1210866021748558       -2.1210866021748558       -2.1210866021748558       -2.5195391552111772       -2.4984391309434528       0.72557048372559052        6.3089276235883034       -33.928557730660373       -33.928557730660373       -33.928557730660373     
  -39.901649079137144       -52.760781016346385       -21.718715040097180        9.7202174177026279       -4.1352737553153531       -4.1352737553153531       -4.1352737553153531       -41.276383265351768       -42.746550535228508       -48.734597833380732       -65.409537773966434       -11.473742738971765       -11.473742738971765       -11.473742738971765     

  0.19260021793223847       0.21631553778638304       0.30258440228699873       0.44017382498463781       0.49868196454361713       0.49868196454361713       0.49868196454361713       0.16937708819144690       0.10715271019256695       0.18892228131131905       0.20806456645446139       0.15092079598346037       0.15092079598346037       0.15092079598346037     
 -0.29514636880796952      -0.24301595744705107      -0.13398234591646174       0.48881295938156555       0.95566561205638956       0.95566561205638956       0.95566561205638956      -0.31315613623329724      -0.35848078768039943      -0.29977234288312948      -0.29159602471248203      -0.32637249311875438      -0.32637249311875438      -0.32637249311875438     
   11.998314744331671        11.992063889309406        10.551861638400929        11.505745849011758        10.494846491888643        10.494846491888643        10.494846491888643        11.661658434247279        11.248017696157660        11.999903254476420        11.921724696491472        11.965412387266923        11.965412387266923        11.965412387266923     
   15.370873115513838        3.9573755924647536        5.5502903909528882        2.8118564950911207        2.9205130515743711        2.9205130515743711        2.9205130515743711        9.3877223200192645       -19.957825586715000        11.626174577595322        20.720415408996480        9.3592257564605035        9.3592257564605035        9.3592257564605035     
  -4.8751924916605134       -3.0068091523319396       -3.1850478059247749        1.8289078605340023       -1.0523646559263753       -1.0523646559263753       -1.0523646559263753       -4.1739540152073431       0.26153388921120779       -4.5529524696760859       -5.7151772902697431       -3.5606261336720522       -3.5606261336720522       -3.5606261336720522     
  -5.7320547122187975        2.8912465409307799       -5.8917415314741817       -16.510744144923549      -0.10241720559797329      -0.10241720559797329      -0.10241720559797329        2.5930805298686295        73.614428893971905       -1.1425269588468723       -16.319888367129096       -4.4405995123472053       -4.4405995123472053       -4.4405995123472053     
  -35.874083569229441        4.3210518963732625        16.811626581016128       -13.027662584679391      -0.11050347409631911      -0.11050347409631911      -0.11050347409631911        25.229515734950297       -34.839812592403774        1.4698276044341299       -40.246741742498152        3.1096900602731665        3.1096900602731665        3.1096900602731665     
   51.255839870998216        4.9470289891507946       -16.609580800560508        47.709162251436851       -5.8149024053889775E-002  -5.8149024053889775E-002  -5.8149024053889775E-002  -82.762825332211122       -58.979809923935740       -20.615621213531142        71.061797866293460        4.9382320194998641        4.9382320194998641        4.9382320194998641     

   1.6738408449944728        1.1583644842510561       0.88335912125370764       0.64135738420196930       0.45915196568664995       0.45915196568664995       0.45915196568664995        2.8093713030074308        3.3400166467135102        3.5250354850037247        3.5329900145331887        3.5152740286195563        3.5152740286195563        3.5152740286195563     
 -0.42108625805676514      -0.47601098182897250      -0.52168957477345312      -0.47401509661363000      -0.22633559616877275      -0.22633559616877275      -0.22633559616877275      -0.35881444568948995      -0.33822649680134181      -0.33205753701098467      -0.33199849448968943      -0.33299856865932304      -0.33299856865932304      -0.33299856865932304     
   9.6689224884904039        7.4315810187023379        7.4498299811350321        7.0384247929492902        6.8983991277610670        6.8983991277610670        6.8983991277610670        10.426660660643698        11.849614041656897        11.964171032033022        11.999998486815791        11.997849255816089        11.997849255816089        11.997849255816089     
   4.4671869012539922        2.7493278496819791       0.68807461143754622      -0.19174338357387199        10.219353885769763        10.219353885769763        10.219353885769763        28.207303022740099        36.870765012981657        37.661294740768739        33.516463789331631        34.770816686197513        34.770816686197513        34.770816686197513     
  -3.0809800363233322       -2.0818475467537354       -1.3157938956233153       0.34783055998462231       -4.1201485761483738       -4.1201485761483738       -4.1201485761483738       -6.2887526746525424       -7.3109855023350150       -7.5188406165759289       -7.3355955660243168       -7.3863851974825394       -7.3863851974825394       -7.3863851974825394     
   16.585670930763342       -1.9165816281425663       0.87496277674762268       -4.9188817130234668        6.4682291515277370        6.4682291515277370        6.4682291515277370       -62.529056122973628       -88.444803011238733       -87.238462189948820       -58.282258188691380       -67.703591525202143       -67.703591525202143       -67.703591525202143     
  -62.529922020128772        3.3530756332440887        1.0548225448905129        4.0423599902508158       -20.074138798878607       -20.074138798878607       -20.074138798878607        58.626484262520307        85.747027508785322        75.568077459006645       -3.2576194448117235        24.611129932801560        24.611129932801560        24.611129932801560     
   69.083477570166593       0.48708777385824931        2.9476838509241645        7.9189915156880488        12.780871677444992        12.780871677444992        12.780871677444992      -0.58976631019230297        3.7606353860401924        15.902186915005970        88.830853961317928        61.088495674186390        61.088495674186390        61.088495674186390     

  0.10605927890258510       0.19832913875154459       0.80779413706279923       0.50452156440123386       0.44471505460184979       0.44471505460184979       0.44471505460184979       0.10543838170549792       0.10486299935920944       0.10703532419588380       0.11192796037842163       0.10897094309141456       0.10897094309141456       0.10897094309141456     
 -0.35037611642611594      -0.24309104692016759       0.12561529635649960       0.65950326121042102        1.0409814191712523        1.0409814191712523        1.0409814191712523      -0.35075609348735015      -0.34986089595694653      -0.34735719478788446      -0.34355822283255655      -0.34672495110021878      -0.34672495110021878      -0.34672495110021878     
   11.999741958621966        11.804465350830165        11.875979365389103        11.953265775045439        10.646660839090986        10.646660839090986        10.646660839090986        11.733794599763383        11.999854865022758        11.977147366576343        11.987646200992026        11.982552476024605        11.982552476024605        11.982552476024605     
   7.9409676983637851        8.7908618826798488        3.4079553408787575        3.5918024818095375        2.8716508728584529        2.8716508728584529        2.8716508728584529        5.6326504710836396        4.2434999790769297        3.6276733449922069        4.8383971008406910        4.7502558315059922        4.7502558315059922        4.7502558315059922     
  -3.8308692225412386       -4.8006194152080539       -4.3130514986661623       0.26127716125107270       -1.0905401341914498       -1.0905401341914498       -1.0905401341914498       -3.5795681961117580       -3.3555112778087022       -3.3059667943375644       -3.6527757073125073       -3.5638746886151154       -3.5638746886151154       -3.5638746886151154     
   2.7015220081556635        7.9789115728016924        7.1254343185071747       -16.771464845126914      -0.21193741597433302      -0.21193741597433302      -0.21193741597433302        4.8847258471138417        6.8276249789492738        5.7278730125341468        8.4519329075465635        8.0180618458492887        8.0180618458492887        8.0180618458492887     
  -27.194471346123770       -36.676400304457843        7.2275908637950295       -14.778997051244431      -0.31559643378815849      -0.31559643378815849      -0.31559643378815849       -13.151841700843164       -2.6330949373206636        3.2256986771526925       -5.0913603609790670       -6.8127031072547055       -6.8127031072547055       -6.8127031072547055     
   38.941715405322583        31.938230414457948       -26.572617648765750        55.121739573709021      -0.45904002924379483      -0.45904002924379483      -0.45904002924379483        14.117984830890833       -8.0579679298589468       -5.0851697766197930       -12.563813964359724       -6.6060031139358557       -6.6060031139358557       -6.6060031139358557     

   7.4134343240948308E-002  0.10245833562322453       0.45359095344175393       0.51485254558434634       -6.6452504321573805E-002  -6.6452504321573805E-002  -6.6452504321573805E-002   6.7465237122404501E-002   6.8378562965678777E-002   7.9846253140400628E-002   8.7656088108213404E-002   7.6143997044450767E-002   7.6143997044450767E-002   7.6143997044450767E-002
 -0.35267185227991316      -0.28050985766093972       0.16966001715344992        1.3467532457203817        1.3579177171523102        1.3579177171523102        1.3579177171523102      -0.36697901810962685      -0.36793802647555784      -0.35194312598692323      -0.34024869716853828      -0.35703825752939894      -0.35703825752939894      -0.35703825752939894     
   11.939532148712711        11.998058044579686        11.981997586215575        11.543748282995468        11.350213270540086        11.350213270540086        11.350213270540086        11.995414666838872        11.803889341109835        11.921391519299441        11.408176716766915        11.925217826055551        11.925217826055551        11.925217826055551     
   6.3257822068068705        4.6461433725053212        1.2454801818691905        7.3858425600480366       -1.2176185883538331       -1.2176185883538331       -1.2176185883538331        5.3724153261383378        12.051630256823245        20.296210369078914        12.137805017057516        11.419849633500416        11.419849633500416        11.419849633500416     
  -4.4481291597318133       -4.3138985716094354       -3.5685281499715131       -7.7878102174636865E-002  -3.7167012983238408       -3.7167012983238408       -3.7167012983238408       -4.2456176058743864       -4.7718339558871747       -5.9094831362645337       -5.7615688383671184       -5.1334489474918001       -5.1334489474918001       -5.1334489474918001     
   10.510383340382788        11.041557708944595        4.7301120913825230       -10.838117837124571       -6.8810035791434103       -6.8810035791434103       -6.8810035791434103        10.078727048954121       -20.514886517701385       -42.330180215239089        18.753293955230674        2.5902007535879932        2.5902007535879932        2.5902007535879932     
  -11.296249248503585       -5.1102985061277906        12.366044921588468       -17.691540699537669       -11.337007106904849       -11.337007106904849       -11.337007106904849        1.4589923289571090        65.231738298652431        83.839376837151775       -88.313645449200280       -26.816427685445596       -26.816427685445596       -26.816427685445596     
  -14.049071147522710       -19.808306741508247       -21.023440971885748        18.885029558705355       -16.801223438544682       -16.801223438544682       -16.801223438544682       -30.297284404421305       -89.990841936984395       -88.834039042463303        72.955972814632844        17.159584695417550        17.159584695417550        17.159584695417550     


  0.39856096316148421       0.50193600818442485       0.49491011786778466       0.53189058094943298       0.47842702818612187       0.47842702818612187       0.47842702818612187       0.41401696023543905       0.52037315636428216        1.3074212366415179        1.2560573441521838        1.8675307056573418        1.8675307056573418        1.8675307056573418     
  0.22849536348775445       0.26139405010691319       0.25753952225909638       0.27427219594140406       0.26637087312037977       0.26637087312037977       0.26637087312037977       0.21829903021437302       0.24886340788212435       0.40748535665709373       0.31899112225045201       0.11441684660681373       0.11441684660681373       0.11441684660681373     
   5.0680381467620821        5.0728933295669929        5.1388683982276060        5.5710870302751800        5.6875130965267022        5.6875130965267022        5.6875130965267022        4.9824435146458868        5.0448368064936098        5.0341129965475391        4.0016555779382319        4.7721700849033279        4.7721700849033279        4.7721700849033279     
   17.320566608388198        17.317081474644588        17.781172970577586        20.374116358432431        22.738056582809790        22.738056582809790        22.738056582809790        17.652546599452549        18.513782228995510        5.4471330923361769        4.5449168541912819        2.3579656444464021        2.3579656444464021        2.3579656444464021     
   4.6549153230248237        3.4472574668207301        3.4549360238346338        3.1752606970583983        3.8814426780930376        3.8814426780930376        3.8814426780930376        3.6649205106151541        2.4447038882195997       0.96001640544084665      -0.10051134463709843       -1.7247387064385791       -1.7247387064385791       -1.7247387064385791     
  -10.950371868242755       -22.168009296947261       -22.764299311557636       -29.627374921521593       -35.843879025034077       -35.843879025034077       -35.843879025034077       -9.2187034574361633       -21.598678392887052       -3.6349856104022535       -2.1587462894782306        2.6413132532230179        2.6413132532230179        2.6413132532230179     
  -30.936687204361256       -3.7577289828928286       -3.6515643546288032       0.86774370014019553        6.1104064792426271        6.1104064792426271        6.1104064792426271       -33.336507029514500       -6.8591726986607142       -7.7887604009202676       -4.7431019807998780      -0.80611499808463805      -0.80611499808463805      -0.80611499808463805     
   55.622440917857261        32.581146444867429        35.409381384260044        50.504367072234032        59.263598357028684        59.263598357028684        59.263598357028684        52.337177485524336        33.333194458036843        14.613468773157479        3.0159057820384021       0.55258018536359543       0.55258018536359543       0.55258018536359543     

  0.90577062847762335       0.72934464236062169       0.63433896979084858       0.67277097279156406       0.67289111314456862       0.67289111314456862       0.67289111314456862       0.82795187271237913       0.67400802650863467       0.63075015095830955       0.61536459074083660       0.65668476779344154       0.65668476779344154       0.65668476779344154     
  0.40770635821275358       0.35070864539862057       0.31955438061077657       0.32740018472546217       0.32824387055244308       0.32824387055244308       0.32824387055244308       0.37922191921789516       0.33766217687637545       0.24883967597292367       0.27865383927711340       0.34309548181307070       0.34309548181307070       0.34309548181307070     
   4.6270421844000191        5.1244111199619047        5.2975154377158464        5.2183824163356256        5.3065963347929390        5.3065963347929390        5.3065963347929390        4.7155906426281780        4.4939805297928865        4.8555549368949809        5.1226824478943591        6.4813320208498686        6.4813320208498686        6.4813320208498686     
  -3.8754365256470642        1.1555938405073469        2.2262104981092712        2.3907711835156711        2.1824484454360373        2.1824484454360373        2.1824484454360373       -2.7090696344507066       -1.6705385741360921        3.7659096411135664        4.4045529820671163       0.76034109829058849       0.76034109829058849       0.76034109829058849     
   1.2360368656344107       0.54810697220189297       0.63324563083472896       0.39890437822326419       0.46245841983899538       0.46245841983899538       0.46245841983899538        1.0337190825571270        1.2944320443516872      -0.78977527329114139      -0.61700472246885596        1.7166074916569656        1.7166074916569656        1.7166074916569656     
   1.5148946426546814       0.60436637107098079        1.1247841477943012       0.49667740092507984       0.91765178410929593       0.91765178410929593       0.91765178410929593        1.7630592882763096      -0.57527888678956174        1.7820596468984888        2.0746961803468338        6.3777216616660581        6.3777216616660581        6.3777216616660581     
   16.282443489323313        3.1235245076691598      -0.65015209892123949       0.25044816316501795       0.54485381591855742       0.54485381591855742       0.54485381591855742        13.334763249845111        12.551376617535851       0.57651655635825705        8.0195571019316958E-002   1.6090760728445588        1.6090760728445588        1.6090760728445588     
  -20.326052654360254       -6.9456046763826009       -3.5807441071485897       -4.4194282706880159       -4.5666770705882982       -4.5666770705882982       -4.5666770705882982       -18.339923778412214       -16.334242908422894       -9.4017530886685989       -9.7355378956311824       -4.5051600582534377       -4.5051600582534377       -4.5051600582534377     

  0.14285409403574328       0.18179028830301627       0.17209248227019208       0.17902924560582253       0.21158345748728938       0.21158345748728938       0.21158345748728938       0.13179748198249999       0.21189120496311059       0.55959311332619321       0.52581058143122572       0.17134324538120133       0.17134324538120133       0.17134324538120133     
 -0.34110684223789295      -0.31305839060218338      -0.31862966368155959      -0.31550709843625341      -0.29736093943545672      -0.29736093943545672      -0.29736093943545672      -0.35678165811299539      -0.27900916191687875       -6.8659350919743067E-003  0.25851188674767456        1.0821684675640546        1.0821684675640546        1.0821684675640546     
   10.809994098143314        10.650528289355551        8.4564677294298569        9.0639078657475309        10.683463930982590        10.683463930982590        10.683463930982590        10.171886576337496        7.8870170967092381        11.348136575650745        11.805112740720546        11.900851979808612        11.900851979808612        11.900851979808612     
   5.0013173613510737        11.588862420466423        5.1533746717464339        7.6628474448853829        18.514169147537736        18.514169147537736        18.514169147537736        7.4282802918703936        4.8719838055127340       0.99193758060079773        5.6741479847380027        17.546383966681610        17.546383966681610        17.546383966681610     
  -1.7653462036815100       -3.2635336398366874       -2.6206740584189419       -3.0478972697566746       -4.4505323077875687       -4.4505323077875687       -4.4505323077875687       -2.0412841586730295       -2.9457432914689932       -2.0476703679234092      -0.14227866175018988        13.614161815778431        13.614161815778431        13.614161815778431     
  -1.5989816218210109       -10.222627999189584       0.55944491325182355       0.34404952377998654       -24.323063021502520       -24.323063021502520       -24.323063021502520       -2.5941419537626729        3.2588967236771964      -0.85399708070896452       -20.100729380395450        22.164885674909414        22.164885674909414        22.164885674909414     
  -17.430078432849371       -28.167131573182566       -14.552674041735315       -31.183241594527971       -26.385558619309073       -26.385558619309073       -26.385558619309073       -39.233805237016995       -20.506067152788958        5.5857914510318665       -10.171789668704719        21.654636941786848        21.654636941786848        21.654636941786848     
   60.263401748083851        73.874919585427790        21.873892150883577        46.905229254388473        83.518179875847864        83.518179875847864        83.518179875847864        84.834007839627446        23.146651543190728        14.987550854455833        77.153570919705970        26.848618215319746        26.848618215319746        26.848618215319746     

  0.18462169270054959       0.18660825601847894       0.19100432615895394       0.17804499199144960       0.19048225325048584       0.19048225325048584       0.19048225325048584       0.19490583178852466       0.17833137521501230       0.56888434172722702       0.61147715107832823       0.71521057015833223       0.71521057015833223       0.71521057015833223     
 -0.31229007761863709      -0.30948436180582867      -0.30679234679249545      -0.31516059439274641      -0.30792726010701060      -0.30792726010701060      -0.30792726010701060      -0.30445350843390839      -0.31059543778487425        2.7187624991535930E-003  0.35801626434593281       0.62560875434315766       0.62560875434315766       0.62560875434315766     
   11.626285552472581        10.833203847934714        11.078247351976142        11.278036661454681        10.711138736069520        10.711138736069520        10.711138736069520        11.997095961585554        11.998618494664877        9.5283520091574232        11.941542159427515        10.189922151859879        10.189922151859879        10.189922151859879     
   9.7005203028532634        8.8463255010101634        8.6113251059322842        5.9472234609963479        8.3483930190185163        8.3483930190185163        8.3483930190185163        10.657083144731793        7.1446208196349303        2.0908709691651417        10.289459841551359        2.5484660602418643        2.5484660602418643        2.5484660602418643     
  -3.2265505199716245       -3.1374258819998673       -3.1799222217746461       -2.7154160665046803       -3.2783530182380218       -3.2783530182380218       -3.2783530182380218       -3.3786778922317069       -2.6465372814158030       -2.1965223154552618       0.10932031046291968       -1.1549940206020608       -1.1549940206020608       -1.1549940206020608     
   10.828548207837997        9.5812456311295193        10.569763014125897        16.700260739834192        18.469667150208892        18.469667150208892        18.469667150208892        7.8230575476761999        13.810051965654765        3.0155896798804775       -12.370046330579356       -1.0206951572799881       -1.0206951572799881       -1.0206951572799881     
  -2.5195391552111772       -2.4984391309434528       0.72557048372559052        6.3089276235883034       -33.928557730660373       -33.928557730660373       -33.928557730660373        1.7881279507653431        7.1915460119515018        6.1446197475661535       -15.442479050381408       -2.1210866021748558       -2.1210866021748558       -2.1210866021748558     
  -41.276383265351768       -42.746550535228508       -48.734597833380732       -65.409537773966434       -11.473742738971765       -11.473742738971765       -11.473742738971765       -39.901649079137144       -52.760781016346385       -21.718715040097180        9.7202174177026279       -4.1352737553153531       -4.1352737553153531       -4.1352737553153531     

  0.16937708819144690       0.10715271019256695       0.18892228131131905       0.20806456645446139       0.15092079598346037       0.15092079598346037       0.15092079598346037       0.19260021793223847       0.21631553778638304       0.30258440228699873       0.44017382498463781       0.49868196454361713       0.49868196454361713       0.49868196454361713     
 -0.31315613623329724      -0.35848078768039943      -0.29977234288312948      -0.29159602471248203      -0.32637249311875438      -0.32637249311875438      -0.32637249311875438      -0.29514636880796952      -0.24301595744705107      -0.13398234591646174       0.48881295938156555       0.95566561205638956       0.95566561205638956       0.95566561205638956     
   11.661658434247279        11.248017696157660        11.999903254476420        11.921724696491472        11.965412387266923        11.965412387266923        11.965412387266923        11.998314744331671        11.992063889309406        10.551861638400929        11.505745849011758        10.494846491888643        10.494846491888643        10.494846491888643     
   9.3877223200192645       -19.957825586715000        11.626174577595322        20.720415408996480        9.3592257564605035        9.3592257564605035        9.3592257564605035        15.370873115513838        3.9573755924647536        5.5502903909528882        2.8118564950911207        2.9205130515743711        2.9205130515743711        2.9205130515743711     
  -4.1739540152073431       0.26153388921120779       -4.5529524696760859       -5.7151772902697431       -3.5606261336720522       -3.5606261336720522       -3.5606261336720522       -4.8751924916605134       -3.0068091523319396       -3.1850478059247749        1.8289078605340023       -1.0523646559263753       -1.0523646559263753       -1.0523646559263753     
   2.5930805298686295        73.614428893971905       -1.1425269588468723       -16.319888367129096       -4.4405995123472053       -4.4405995123472053       -4.4405995123472053       -5.7320547122187975        2.8912465409307799       -5.8917415314741817       -16.510744144923549      -0.10241720559797329      -0.10241720559797329      -0.10241720559797329     
   25.229515734950297       -34.839812592403774        1.4698276044341299       -40.246741742498152        3.1096900602731665        3.1096900602731665        3.1096900602731665       -35.874083569229441        4.3210518963732625        16.811626581016128       -13.027662584679391      -0.11050347409631911      -0.11050347409631911      -0.11050347409631911     
  -82.762825332211122       -58.979809923935740       -20.615621213531142        71.061797866293460        4.9382320194998641        4.9382320194998641        4.9382320194998641        51.255839870998216        4.9470289891507946       -16.609580800560508        47.709162251436851       -5.8149024053889775E-002  -5.8149024053889775E-002  -5.8149024053889775E-002

   2.8093713030074308        3.3400166467135102        3.5250354850037247        3.5329900145331887        3.5152740286195563        3.5152740286195563        3.5152740286195563        1.6738408449944728        1.1583644842510561       0.88335912125370764       0.64135738420196930       0.45915196568664995       0.45915196568664995       0.45915196568664995     
 -0.35881444568948995      -0.33822649680134181      -0.33205753701098467      -0.33199849448968943      -0.33299856865932304      -0.33299856865932304      -0.33299856865932304      -0.42108625805676514      -0.47601098182897250      -0.52168957477345312      -0.47401509661363000      -0.22633559616877275      -0.22633559616877275      -0.22633559616877275     
   10.426660660643698        11.849614041656897        11.964171032033022        11.999998486815791        11.997849255816089        11.997849255816089        11.997849255816089        9.6689224884904039        7.4315810187023379        7.4498299811350321        7.0384247929492902        6.8983991277610670        6.8983991277610670        6.8983991277610670     
   28.207303022740099        36.870765012981657        37.661294740768739        33.516463789331631        34.770816686197513        34.770816686197513        34.770816686197513        4.4671869012539922        2.7493278496819791       0.68807461143754622      -0.19174338357387199        10.219353885769763        10.219353885769763        10.219353885769763     
  -6.2887526746525424       -7.3109855023350150       -7.5188406165759289       -7.3355955660243168       -7.3863851974825394       -7.3863851974825394       -7.3863851974825394       -3.0809800363233322       -2.0818475467537354       -1.3157938956233153       0.34783055998462231       -4.1201485761483738       -4.1201485761483738       -4.1201485761483738     
  -62.529056122973628       -88.444803011238733       -87.238462189948820       -58.282258188691380       -67.703591525202143       -67.703591525202143       -67.703591525202143        16.585670930763342       -1.9165816281425663       0.87496277674762268       -4.9188817130234668        6.4682291515277370        6.4682291515277370        6.4682291515277370     
   58.626484262520307        85.747027508785322        75.568077459006645       -3.2576194448117235        24.611129932801560        24.611129932801560        24.611129932801560       -62.529922020128772        3.3530756332440887        1.0548225448905129        4.0423599902508158       -20.074138798878607       -20.074138798878607       -20.074138798878607     
 -0.58976631019230297        3.7606353860401924        15.902186915005970        88.830853961317928        61.088495674186390        61.088495674186390        61.088495674186390        69.083477570166593       0.48708777385824931        2.9476838509241645        7.9189915156880488        12.780871677444992        12.780871677444992        12.780871677444992     

  0.10543838170549792       0.10486299935920944       0.10703532419588380       0.11192796037842163       0.10897094309141456       0.10897094309141456       0.10897094309141456       0.10605927890258510       0.19832913875154459       0.80779413706279923       0.50452156440123386       0.44471505460184979       0.44471505460184979       0.44471505460184979     
 -0.35075609348735015      -0.34986089595694653      -0.34735719478788446      -0.34355822283255655      -0.34672495110021878      -0.34672495110021878      -0.34672495110021878      -0.35037611642611594      -0.24309104692016759       0.12561529635649960       0.65950326121042102        1.0409814191712523        1.0409814191712523        1.0409814191712523     
   11.733794599763383        11.999854865022758        11.977147366576343        11.987646200992026        11.982552476024605        11.982552476024605        11.982552476024605        11.999741958621966        11.804465350830165        11.875979365389103        11.953265775045439        10.646660839090986        10.646660839090986        10.646660839090986     
   5.6326504710836396        4.2434999790769297        3.6276733449922069        4.8383971008406910        4.7502558315059922        4.7502558315059922        4.7502558315059922        7.9409676983637851        8.7908618826798488        3.4079553408787575        3.5918024818095375        2.8716508728584529        2.8716508728584529        2.8716508728584529     
  -3.5795681961117580       -3.3555112778087022       -3.3059667943375644       -3.6527757073125073       -3.5638746886151154       -3.5638746886151154       -3.5638746886151154       -3.8308692225412386       -4.8006194152080539       -4.3130514986661623       0.26127716125107270       -1.0905401341914498       -1.0905401341914498       -1.0905401341914498     
   4.8847258471138417        6.8276249789492738        5.7278730125341468        8.4519329075465635        8.0180618458492887        8.0180618458492887        8.0180618458492887        2.7015220081556635        7.9789115728016924        7.1254343185071747       -16.771464845126914      -0.21193741597433302      -0.21193741597433302      -0.21193741597433302     
  -13.151841700843164       -2.6330949373206636        3.2256986771526925       -5.0913603609790670       -6.8127031072547055       -6.8127031072547055       -6.8127031072547055       -27.194471346123770       -36.676400304457843        7.2275908637950295       -14.778997051244431      -0.31559643378815849      -0.31559643378815849      -0.31559643378815849     
   14.117984830890833       -8.0579679298589468       -5.0851697766197930       -12.563813964359724       -6.6060031139358557       -6.6060031139358557       -6.6060031139358557        38.941715405322583        31.938230414457948       -26.572617648765750        55.121739573709021      -0.45904002924379483      -0.45904002924379483      -0.45904002924379483     

   6.7465237122404501E-002   6.8378562965678777E-002   7.9846253140400628E-002   8.7656088108213404E-002   7.6143997044450767E-002   7.6143997044450767E-002   7.6143997044450767E-002   7.4134343240948308E-002  0.10245833562322453       0.45359095344175393       0.51485254558434634       -6.6452504321573805E-002  -6.6452504321573805E-002  -6.6452504321573805E-002
 -0.36697901810962685      -0.36793802647555784      -0.35194312598692323      -0.34024869716853828      -0.35703825752939894      -0.35703825752939894      -0.35703825752939894      -0.35267185227991316      -0.28050985766093972       0.16966001715344992        1.3467532457203817        1.3579177171523102        1.3579177171523102        1.3579177171523102     
   11.995414666838872        11.803889341109835        11.921391519299441        11.408176716766915        11.925217826055551        11.925217826055551        11.925217826055551        11.939532148712711        11.998058044579686        11.981997586215575        11.543748282995468        11.350213270540086        11.350213270540086        11.350213270540086     
   5.3724153261383378        12.051630256823245        20.296210369078914        12.137805017057516        11.419849633500416        11.419849633500416        11.419849633500416        6.3257822068068705        4.6461433725053212        1.2454801818691905        7.3858425600480366       -1.2176185883538331       -1.2176185883538331       -1.2176185883538331     
  -4.2456176058743864       -4.7718339558871747       -5.9094831362645337       -5.7615688383671184       -5.1334489474918001       -5.1334489474918001       -5.1334489474918001       -4.4481291597318133       -4.3138985716094354       -3.5685281499715131       -7.7878102174636865E-002  -3.7167012983238408       -3.7167012983238408       -3.7167012983238408     
   10.078727048954121       -20.514886517701385       -42.330180215239089        18.753293955230674        2.5902007535879932        2.5902007535879932        2.5902007535879932        10.510383340382788        11.041557708944595        4.7301120913825230       -10.838117837124571       -6.8810035791434103       -6.8810035791434103       -6.8810035791434103     
   1.4589923289571090        65.231738298652431        83.839376837151775       -88.313645449200280       -26.816427685445596       -26.816427685445596       -26.816427685445596       -11.296249248503585       -5.1102985061277906        12.366044921588468       -17.691540699537669       -11.337007106904849       -11.337007106904849       -11.337007106904849     
  -30.297284404421305       -89.990841936984395       -88.834039042463303        72.955972814632844        17.159584695417550        17.159584695417550        17.159584695417550       -14.049071147522710       -19.808306741508247       -21.023440971885748        18.885029558705355       -16.801223438544682       -16.801223438544682       -16.801223438544682     
