 x_max:    1.8906249999999999E-004
 mu_F:    69.221383979230012     
 pdf_label:          82

 Parameters:
  0.34322564228372077       0.52084499047184840        1.2701278656592925        1.2293188720567099        1.3709277037294454        1.3709277037294454        1.3709277037294454       0.40341984556274568       0.40311516600156461       0.49939540435765023       0.53407729689833738       0.52415393554234913       0.52415393554234913       0.52415393554234913     
  0.21106113583039954       0.25211536949183566       0.39144830651628726       0.31533942409405036       -4.2712398345059466E-002  -4.2712398345059466E-002  -4.2712398345059466E-002  0.22939325476382066       0.23466908188333369       0.25559257884982234       0.26724321753494906       0.26440126223460081       0.26440126223460081       0.26440126223460081     
   4.9882998715557898        5.1406193818707449        4.7102260787806554        4.1244924940989680        4.6668988371421154        4.6668988371421154        4.6668988371421154        5.0874397098176791        5.2025062722783764        5.2074663687092464        5.0704366459106041        5.0539304594826859        5.0539304594826859        5.0539304594826859     
   16.035824880333003        18.685528030047045        4.8364965469587702        4.4290710537004969        1.9116934268918655        1.9116934268918655        1.9116934268918655        16.931668230887993        16.577405060548287        17.794204145703638        15.307876287969819        14.711279498583089        14.711279498583089        14.711279498583089     
   6.1738702494255762        2.6258145922567522       0.85291514820671921       -2.1455788481574700E-003  -1.5600074649439080       -1.5600074649439080       -1.5600074649439080        4.6379595885580756        5.0054485671672353        3.3061082743020265        3.2847722144862459        3.4357022963552879        3.4357022963552879        3.4357022963552879     
  -13.000595096925551       -23.325152503631855       -2.7574929409484810       -1.8215914601307759        4.0753091943704618        4.0753091943704618        4.0753091943704618       -11.089358209324502       -11.491995180894534       -22.491127664095373       -18.205141111753932       -16.033942542432257       -16.033942542432257       -16.033942542432257     
  -18.322976828365739       -4.8623577703980345       -7.3814777720176181       -4.6562284835422361       -2.4423146187871083       -2.4423146187871083       -2.4423146187871083       -30.066307557569438       -28.778318589517042       -2.9198378958824804       -7.0935321581435318       -9.9837446639609766       -9.9837446639609766       -9.9837446639609766     
   43.297628598242483        35.204840841584698        10.103194089246401        3.0449663834285161        1.7335118141683949        1.7335118141683949        1.7335118141683949        54.807743734201892        58.709961175083521        34.935689389894435        31.993281066426619        32.950655328472010        32.950655328472010        32.950655328472010     

  0.83261692073871674       0.74091075164455544       0.64737003608907451       0.61214869723988441       0.61459964569488179       0.61459964569488179       0.61459964569488179       0.90212350085806547       0.93852674110701773       0.64389373922974980       0.64494090601061749       0.67371894700193868       0.67371894700193868       0.67371894700193868     
  0.37894000915557569       0.35225400751726998       0.25889942542596001       0.27497250782172977       0.16527425412710883       0.16527425412710883       0.16527425412710883       0.40422236057430760       0.41315623122251544       0.32219092862295762       0.32019646797215362       0.32575654586033220       0.32575654586033220       0.32575654586033220     
   4.7568213698074686        4.6876176194481767        4.7794102511651779        5.1298339120070464        6.2811761438295841        6.2811761438295841        6.2811761438295841        4.8054319348480483        4.7899813766480719        5.3154593133517789        5.3023855608705084        5.2068427024190234        5.2068427024190234        5.2068427024190234     
  -2.7627832320574655       -1.8960248284461478        3.6316203533725577        4.3708196371973216      -0.30164390795578555      -0.30164390795578555      -0.30164390795578555       -4.1181944304505951       -4.3316966138001476        2.0805064792244750        2.0592961301667962        2.4160915128101941        2.4160915128101941        2.4160915128101941     
   1.0337435200406446        1.0831552001535627      -0.74203542937325295      -0.62072592391895398        1.5800587543399160        1.5800587543399160        1.5800587543399160        1.2801714684670600        1.2068606841708771       0.62190675714971633       0.58927985608984557       0.36582288080249015       0.36582288080249015       0.36582288080249015     
   1.7129118557650997       0.13498395383655293        1.2337737336125230        2.0134528175707231        4.7706776288826660        4.7706776288826660        4.7706776288826660        1.7721626097774958        2.5027583366752424        1.0849510915328153        1.1439389675312839       0.31295964124839770       0.31295964124839770       0.31295964124839770     
   13.563894909930838        13.977850819489376        6.6913908227689944E-002   3.0230935945866122E-002  0.55361951117568253       0.55361951117568253       0.55361951117568253        18.373062523994420        18.171481700550927      -0.38965106495791701      -0.31133679550401894        9.9409499163513715E-002   9.9409499163513715E-002   9.9409499163513715E-002
  -18.394396597675083       -18.170558621434907       -8.1584231731046799       -9.6012306505905514       -1.1550921484539742       -1.1550921484539742       -1.1550921484539742       -22.706002659740250       -23.397159651998621       -3.7023970920603233       -3.8383273571525223       -4.0821844203084936       -4.0821844203084936       -4.0821844203084936     

  0.14234239814348468       0.21373065929905272       0.53455299944670831       0.60533347545753102       0.18039290089733478       0.18039290089733478       0.18039290089733478       0.13813136869864687       0.18020794487402877       0.17914552629632563       0.16578972900229175       0.26969247365363003       0.26969247365363003       0.26969247365363003     
 -0.34944966529353233      -0.27935766881948076       -2.1854750898556485E-002  0.36297288010825546        1.1062939232215996        1.1062939232215996        1.1062939232215996      -0.34876548529279228      -0.31704426849768647      -0.31711663056563871      -0.32581727412665901      -0.27317883897487960      -0.27317883897487960      -0.27317883897487960     
   10.014222212671394        8.1011921882693052        11.350663172458773        11.427524661690661        11.845571021653626        11.845571021653626        11.845571021653626        11.980925656053181        10.763845690004755        8.2656383755759357        9.3984920429057013        10.949366044652107        10.949366044652107        10.949366044652107     
   7.6004346373630405        4.5916376810476258        1.0428660781472061        6.6032106640039103        16.568290372114241        16.568290372114241        16.568290372114241        4.7220637378209140        11.923325411236117        6.2731759395791222        4.2894566596084438        25.889949207927032        25.889949207927032        25.889949207927032     
  -2.3858348196000989       -2.9144594469402776       -2.0710530271261263      -0.34153202636285585        13.266474378833763        13.266474378833763        13.266474378833763       -1.6534293069997261       -3.2922014381261420       -2.9677794699073985       -2.3686097507711139       -5.9142443801651439       -5.9142443801651439       -5.9142443801651439     
  0.86735599858312185        3.3518030219404693      -0.57300868469546629       -18.749852822343300        21.470280481941103        21.470280481941103        21.470280481941103        1.3678307060102668       -11.291594274481938       0.50374233354749265        1.2395940281924140       -36.973473049665273       -36.973473049665273       -36.973473049665273     
  -47.995643012369250       -17.523069758651388        5.6982013229858381       -13.207851910282713        20.633966647640818        20.633966647640818        20.633966647640818       -10.052363644129386       -27.049520555282228       -20.623946035010619       -6.9163868840679612       -24.413574541877693       -24.413574541877693       -24.413574541877693     
   85.753689444698466        19.613570642606476        13.798130288705394        67.625539486859196        24.546082945088074        24.546082945088074        24.546082945088074        52.027398206756970        74.992799013575336        28.096110272685110        15.258724804515523        88.238451387788388        88.238451387788388        88.238451387788388     

  0.19944420989319381       0.10427124410617099       0.56262053843693982       0.61090084844924164       0.70098390133549771       0.70098390133549771       0.70098390133549771       0.17934242541947470       0.18805422685667186       0.18907300969760979       0.17272636104224234       0.18364252033598161       0.18364252033598161       0.18364252033598161     
 -0.30426577139413985      -0.39859336769531578       -1.4161719500556114E-003  0.35717598309719634       0.64614930200680831       0.64614930200680831       0.64614930200680831      -0.31904091971888204      -0.31126075455508589      -0.31064198768474677      -0.32146750676040908      -0.31516191510171637      -0.31516191510171637      -0.31516191510171637     
   11.949998162067915        9.5385276482041732        9.6393061902046888        11.941169984417497        10.185743584931981        10.185743584931981        10.185743584931981        11.650795020180498        11.974425418914693        11.814598567412165        10.868420276676373        10.806425660845305        10.806425660845305        10.806425660845305     
   11.792926339756324        7.2320774134272305        2.1444628508964634        10.207070349378892        2.5529622784351780        2.5529622784351780        2.5529622784351780        10.035168812305454        8.7849592962274343        7.6397644232993542        6.0858649079616356        9.9924827581154148        9.9924827581154148        9.9924827581154148     
  -3.5853207216437042       -1.6263323069353248       -2.2135746069300097       0.10909562557657182       -1.1452342398039690       -1.1452342398039690       -1.1452342398039690       -3.2068336858661723       -3.1701165630235693       -3.0561963329444382       -2.6626115734324500       -3.2277553032203485       -3.2277553032203485       -3.2277553032203485     
   5.1567594547608593        7.6829815892526483        3.1557362117569170       -12.591103161483261       -1.0201199253175588       -1.0201199253175588       -1.0201199253175588        9.6857894775757103        13.809859289868939        14.582076133640555        14.722896420007302        3.3531652794634823        3.3531652794634823        3.3531652794634823     
 -0.81048169669804793       -2.0061954885234599        6.2294105140778981       -15.497107393033616       -2.1431039283604036       -2.1431039283604036       -2.1431039283604036       -2.8546323129920239       -2.0952577608529737        5.7435600325615610        3.5568790708189937        10.878134842286812        10.878134842286812        10.878134842286812     
  -32.625154094689904       -42.913321055957987       -22.403788751196871        10.559285444557261       -4.2103886488041979       -4.2103886488041979       -4.2103886488041979       -39.324664760607746       -44.742931059961236       -59.286368892165356       -58.939665973938205       -52.681910751997549       -52.681910751997549       -52.681910751997549     

  0.21705892828840290       0.14802772700258132       0.30734680669110925       0.41490787742958796       0.49927285583708975       0.49927285583708975       0.49927285583708975       0.16734129623879387       0.17463423570551023       0.19054741801557440       0.20283915485616200       0.17795639448074946       0.17795639448074946       0.17795639448074946     
 -0.27979487254442492      -0.31990867995150390      -0.13349374340208076       0.45675025253630785       0.95456455226963688       0.95456455226963688       0.95456455226963688      -0.31988102094471055      -0.31336813238201833      -0.30440815738955118      -0.29762285522741627      -0.31200142626471078      -0.31200142626471078      -0.31200142626471078     
   11.994134709274967        11.962932591438175        10.408022578394178        11.672919996570998        10.491394478846015        10.491394478846015        10.491394478846015        11.990777634552106        11.406627011762914        11.619604936399714        11.481237537547283        11.999959633870295        11.999959633870295        11.999959633870295     
   11.570878518502653        4.1916945643741137        5.5099504895113647        2.8154407234673933        2.8975121473077117        2.8975121473077117        2.8975121473077117        14.769931353693700        15.407210044338072        19.834456140011703        20.270899611099715        14.541131471655717        14.541131471655717        14.541131471655717     
  -4.7499125055458506       -2.7917211489825675       -3.2302336691747513        1.8441415337618565       -1.0675258296374892       -1.0675258296374892       -1.0675258296374892       -4.5835307161247698       -4.7389984230957296       -5.3271275285761703       -5.6593870869590930       -4.6881332665510485       -4.6881332665510485       -4.6881332665510485     
  0.11023492113962163        6.6659149785698162       -5.3803412455323212       -16.486846360619211      -0.12539959161979652      -0.12539959161979652      -0.12539959161979652       -8.1020328785411948       -10.510708196954951       -24.492791174880409       -15.026355131017738       -5.9816236842748935       -5.9816236842748935       -5.9816236842748935     
  -3.5822258577949100        4.7873455815052637        15.135988130673681       -12.547320934343759      -0.13151120446387665      -0.13151120446387665      -0.13151120446387665       -22.964333832971846       -23.465345014423818       -5.3251553409614303       -45.393377021118710       -27.252967777333886       -27.252967777333886       -27.252967777333886     
  -15.150081592302584       -15.458957632683038       -15.532184149114073        48.432295187161486       -6.3357753791279947E-002  -6.3357753791279947E-002  -6.3357753791279947E-002   39.260388877792678        41.634312023009613        34.429300599632910        75.504105352237730        40.454122358746730        40.454122358746730        40.454122358746730     

   1.4279700530090931        1.1062205385999335       0.88189324605492236       0.64007538926801577       0.45408842799701143       0.45408842799701143       0.45408842799701143        2.7647739836684386        3.2024452225390401        3.4416393675082304        3.5242536226264680        3.5516342255537028        3.5516342255537028        3.5516342255537028     
 -0.44286117513313605      -0.48590656620932188      -0.52778135963771888      -0.46445585043315529       0.12778908982178205       0.12778908982178205       0.12778908982178205      -0.36412383503542550      -0.34598474947749946      -0.33821804771562436      -0.33606652531730274      -0.33576251864294870      -0.33576251864294870      -0.33576251864294870     
   8.6710744808886471        7.7572180289858856        7.6097396424893251        6.9533625134829036        7.0331799567140800        7.0331799567140800        7.0331799567140800        11.881026640558336        11.999981962467334        11.999701648622548        11.999924714803807        11.999174218434298        11.999174218434298        11.999174218434298     
  -3.8772390425709240        2.8628485612113970        1.7109059327864351      -0.29022320822189940        12.006521492113123        12.006521492113123        12.006521492113123        28.342086829937799        31.958495325875546        37.141124688836911        36.619870845936553        38.367837750682511        38.367837750682511        38.367837750682511     
  -2.0328600877662737       -2.0123088437893912       -1.5316742907417975       0.37815763308022809       -3.6756866330025986       -3.6756866330025986       -3.6756866330025986       -6.2667673003365110       -6.9673825899041546       -7.4645121141698070       -7.5544821503926372       -7.7007683552952955       -7.7007683552952955       -7.7007683552952955     
   40.694978438583519       -2.3617542426671889      -0.25651576288231581       -4.8357945517271475        9.2941198269486733        9.2941198269486733        9.2941198269486733       -56.578376924845628       -59.653723350432330       -85.923049078263915       -77.255075797500837       -85.641860171675972       -85.641860171675972       -85.641860171675972     
  -89.996536248700934        3.7931537499227375       -7.9374196467966840E-002   3.4455155596174194       -18.941138711674739       -18.941138711674739       -18.941138711674739        31.011597279698236        14.135499364342991        75.747762398255730        46.330030884392727        63.842639481869725        63.842639481869725        63.842639481869725     
   72.392075520352932        1.6175859945823134        5.3973558031908624        8.0433707629553339        4.0688384471885684        4.0688384471885684        4.0688384471885684        41.625386235102241        67.499326682617408        13.528872320425606        42.784882473731813        29.507584875823554        29.507584875823554        29.507584875823554     

  0.11742414082764877       0.15751286095279013       0.54438906562459566       0.47135832051747123       0.44291555708823499       0.44291555708823499       0.44291555708823499       0.10583725035922116       0.10547292610241717       0.10101023198208574       0.10717683587746162       0.12989571413281698       0.12989571413281698       0.12989571413281698     
 -0.33826082353093651      -0.28627162383845250        7.7715724132838337E-002  0.63468090188499726        1.0419392569255614        1.0419392569255614        1.0419392569255614      -0.35326069562072593      -0.35289708621149402      -0.35827119229473359      -0.35177672448625025      -0.33230636580548878      -0.33230636580548878      -0.33230636580548878     
   11.943230266932414        11.870343288355139        11.985330079872401        11.934817915029797        10.649447256143095        10.649447256143095        10.649447256143095        11.850684155866187        11.999487818713314        11.983087689917859        11.999888020230166        11.982277439317203        11.982277439317203        11.982277439317203     
   4.1670797997381008        9.0666166635563492       0.94146954812168815        3.5455566346567196        2.8681837568441253        2.8681837568441253        2.8681837568441253        6.5626783934216668        4.2884166914589095        2.8349517164925366        3.8489375326071809        13.101761148535523        13.101761148535523        13.101761148535523     
  -3.6559328354199607       -4.5452623851847775       -3.3093008725306063       0.29785673690434322       -1.0926468134121166       -1.0926468134121166       -1.0926468134121166       -3.6979257421914582       -3.3868699084568945       -3.0401871060742778       -3.3505197855767221       -4.9893434625758886       -4.9893434625758886       -4.9893434625758886     
   9.1452149944027639        6.5681782173174241        4.5520349656641486       -16.930598728398124      -0.21817452489150924      -0.21817452489150924      -0.21817452489150924        3.9080079458363173        6.9935600380577938        4.9843303615963919        5.0121231000196360        2.2155010738914171        2.2155010738914171        2.2155010738914171     
   1.3974544974796288       -44.021066136059289        13.716708562458251       -14.700671115699294      -0.32625202904978323      -0.32625202904978323      -0.32625202904978323       -15.953788622705957       -3.3295808921769492        7.0635502148443692        3.9694849549460969       -60.084474644667225       -60.084474644667225       -60.084474644667225     
  -22.959604498715947        50.612947626257522       -21.282915664414531        56.370514995493778      -0.47714156072490255      -0.47714156072490255      -0.47714156072490255        17.408476200713196       -7.4394622144937443       -7.1869617667558572       -4.6879374950309227        77.141754532780141        77.141754532780141        77.141754532780141     

   6.5652643952192419E-002  0.11677661265799140       0.65341815516903634       0.51662109394292099       -6.5923953247853814E-002  -6.5923953247853814E-002  -6.5923953247853814E-002   4.9563812298282106E-002   6.5046157853032083E-002   8.8378666825120106E-002   7.6113340391299134E-002   6.5568543600482448E-002   6.5568543600482448E-002   6.5568543600482448E-002
 -0.37852934953449185      -0.27203649451431144       0.25755505446982174        1.3463934722050170        1.3583681043079714        1.3583681043079714        1.3583681043079714      -0.41377228929664001      -0.37756938744595497      -0.34593977713932317      -0.36081796284491990      -0.37726763824049286      -0.37726763824049286      -0.37726763824049286     
   11.990214098025056        11.794922790252265        11.306910875276319        11.536884409141022        11.350799717364193        11.350799717364193        11.350799717364193        8.8882798911600531        11.978588139214551        11.098521518044048        11.949289893126204        11.437290432554271        11.437290432554271        11.437290432554271     
   9.6792017515238520        8.2335026083488430        4.7138914657342355        7.4156433943675886      -0.66948384778738301      -0.66948384778738301      -0.66948384778738301        3.5170054255943342        5.1016640835503217        22.298392653608339        9.6248125674430121        5.4651430417520217        5.4651430417520217        5.4651430417520217     
  -4.5629762676479686       -4.9980094643924815       -4.0438223288742847       -5.7331843784155012E-002  -3.9850577824569129       -3.9850577824569129       -3.9850577824569129       -3.4534829445071367       -4.0510954228586087       -6.5186157888406484       -4.9452167280062227       -4.0269078018368845       -4.0269078018368845       -4.0269078018368845     
   2.2076907741945178        9.5001184481296690       -9.7418544804781533       -10.831046095776784       -7.0732077939331504       -7.0732077939331504       -7.0732077939331504        7.1324904444685018        8.9742535158997470       -23.447741294425867        6.5108331638241737        5.2629586629918634        5.2629586629918634        5.2629586629918634     
  -24.584749483298907       -29.011163241218050        41.227121597261629       -17.772451475925280       -12.400493474485515       -12.400493474485515       -12.400493474485515       -14.729547749581300        1.5769134199687613       -33.080399631109934       -20.940926941821758       -3.5656867578581313       -3.5656867578581313       -3.5656867578581313     
   23.089380233217398        14.283350674099239       -42.976009136615630        18.619236218052208       -15.704109651536371       -15.704109651536371       -15.704109651536371        9.0341177265312922       -29.304445404435008        66.986117992833414        3.4108454108102961       -4.7344531993097831       -4.7344531993097831       -4.7344531993097831     


  0.40341984556274568       0.40311516600156461       0.49939540435765023       0.53407729689833738       0.52415393554234913       0.52415393554234913       0.52415393554234913       0.34322564228372077       0.52084499047184840        1.2701278656592925        1.2293188720567099        1.3709277037294454        1.3709277037294454        1.3709277037294454     
  0.22939325476382066       0.23466908188333369       0.25559257884982234       0.26724321753494906       0.26440126223460081       0.26440126223460081       0.26440126223460081       0.21106113583039954       0.25211536949183566       0.39144830651628726       0.31533942409405036       -4.2712398345059466E-002  -4.2712398345059466E-002  -4.2712398345059466E-002
   5.0874397098176791        5.2025062722783764        5.2074663687092464        5.0704366459106041        5.0539304594826859        5.0539304594826859        5.0539304594826859        4.9882998715557898        5.1406193818707449        4.7102260787806554        4.1244924940989680        4.6668988371421154        4.6668988371421154        4.6668988371421154     
   16.931668230887993        16.577405060548287        17.794204145703638        15.307876287969819        14.711279498583089        14.711279498583089        14.711279498583089        16.035824880333003        18.685528030047045        4.8364965469587702        4.4290710537004969        1.9116934268918655        1.9116934268918655        1.9116934268918655     
   4.6379595885580756        5.0054485671672353        3.3061082743020265        3.2847722144862459        3.4357022963552879        3.4357022963552879        3.4357022963552879        6.1738702494255762        2.6258145922567522       0.85291514820671921       -2.1455788481574700E-003  -1.5600074649439080       -1.5600074649439080       -1.5600074649439080     
  -11.089358209324502       -11.491995180894534       -22.491127664095373       -18.205141111753932       -16.033942542432257       -16.033942542432257       -16.033942542432257       -13.000595096925551       -23.325152503631855       -2.7574929409484810       -1.8215914601307759        4.0753091943704618        4.0753091943704618        4.0753091943704618     
  -30.066307557569438       -28.778318589517042       -2.9198378958824804       -7.0935321581435318       -9.9837446639609766       -9.9837446639609766       -9.9837446639609766       -18.322976828365739       -4.8623577703980345       -7.3814777720176181       -4.6562284835422361       -2.4423146187871083       -2.4423146187871083       -2.4423146187871083     
   54.807743734201892        58.709961175083521        34.935689389894435        31.993281066426619        32.950655328472010        32.950655328472010        32.950655328472010        43.297628598242483        35.204840841584698        10.103194089246401        3.0449663834285161        1.7335118141683949        1.7335118141683949        1.7335118141683949     

  0.90212350085806547       0.93852674110701773       0.64389373922974980       0.64494090601061749       0.67371894700193868       0.67371894700193868       0.67371894700193868       0.83261692073871674       0.74091075164455544       0.64737003608907451       0.61214869723988441       0.61459964569488179       0.61459964569488179       0.61459964569488179     
  0.40422236057430760       0.41315623122251544       0.32219092862295762       0.32019646797215362       0.32575654586033220       0.32575654586033220       0.32575654586033220       0.37894000915557569       0.35225400751726998       0.25889942542596001       0.27497250782172977       0.16527425412710883       0.16527425412710883       0.16527425412710883     
   4.8054319348480483        4.7899813766480719        5.3154593133517789        5.3023855608705084        5.2068427024190234        5.2068427024190234        5.2068427024190234        4.7568213698074686        4.6876176194481767        4.7794102511651779        5.1298339120070464        6.2811761438295841        6.2811761438295841        6.2811761438295841     
  -4.1181944304505951       -4.3316966138001476        2.0805064792244750        2.0592961301667962        2.4160915128101941        2.4160915128101941        2.4160915128101941       -2.7627832320574655       -1.8960248284461478        3.6316203533725577        4.3708196371973216      -0.30164390795578555      -0.30164390795578555      -0.30164390795578555     
   1.2801714684670600        1.2068606841708771       0.62190675714971633       0.58927985608984557       0.36582288080249015       0.36582288080249015       0.36582288080249015        1.0337435200406446        1.0831552001535627      -0.74203542937325295      -0.62072592391895398        1.5800587543399160        1.5800587543399160        1.5800587543399160     
   1.7721626097774958        2.5027583366752424        1.0849510915328153        1.1439389675312839       0.31295964124839770       0.31295964124839770       0.31295964124839770        1.7129118557650997       0.13498395383655293        1.2337737336125230        2.0134528175707231        4.7706776288826660        4.7706776288826660        4.7706776288826660     
   18.373062523994420        18.171481700550927      -0.38965106495791701      -0.31133679550401894        9.9409499163513715E-002   9.9409499163513715E-002   9.9409499163513715E-002   13.563894909930838        13.977850819489376        6.6913908227689944E-002   3.0230935945866122E-002  0.55361951117568253       0.55361951117568253       0.55361951117568253     
  -22.706002659740250       -23.397159651998621       -3.7023970920603233       -3.8383273571525223       -4.0821844203084936       -4.0821844203084936       -4.0821844203084936       -18.394396597675083       -18.170558621434907       -8.1584231731046799       -9.6012306505905514       -1.1550921484539742       -1.1550921484539742       -1.1550921484539742     

  0.13813136869864687       0.18020794487402877       0.17914552629632563       0.16578972900229175       0.26969247365363003       0.26969247365363003       0.26969247365363003       0.14234239814348468       0.21373065929905272       0.53455299944670831       0.60533347545753102       0.18039290089733478       0.18039290089733478       0.18039290089733478     
 -0.34876548529279228      -0.31704426849768647      -0.31711663056563871      -0.32581727412665901      -0.27317883897487960      -0.27317883897487960      -0.27317883897487960      -0.34944966529353233      -0.27935766881948076       -2.1854750898556485E-002  0.36297288010825546        1.1062939232215996        1.1062939232215996        1.1062939232215996     
   11.980925656053181        10.763845690004755        8.2656383755759357        9.3984920429057013        10.949366044652107        10.949366044652107        10.949366044652107        10.014222212671394        8.1011921882693052        11.350663172458773        11.427524661690661        11.845571021653626        11.845571021653626        11.845571021653626     
   4.7220637378209140        11.923325411236117        6.2731759395791222        4.2894566596084438        25.889949207927032        25.889949207927032        25.889949207927032        7.6004346373630405        4.5916376810476258        1.0428660781472061        6.6032106640039103        16.568290372114241        16.568290372114241        16.568290372114241     
  -1.6534293069997261       -3.2922014381261420       -2.9677794699073985       -2.3686097507711139       -5.9142443801651439       -5.9142443801651439       -5.9142443801651439       -2.3858348196000989       -2.9144594469402776       -2.0710530271261263      -0.34153202636285585        13.266474378833763        13.266474378833763        13.266474378833763     
   1.3678307060102668       -11.291594274481938       0.50374233354749265        1.2395940281924140       -36.973473049665273       -36.973473049665273       -36.973473049665273       0.86735599858312185        3.3518030219404693      -0.57300868469546629       -18.749852822343300        21.470280481941103        21.470280481941103        21.470280481941103     
  -10.052363644129386       -27.049520555282228       -20.623946035010619       -6.9163868840679612       -24.413574541877693       -24.413574541877693       -24.413574541877693       -47.995643012369250       -17.523069758651388        5.6982013229858381       -13.207851910282713        20.633966647640818        20.633966647640818        20.633966647640818     
   52.027398206756970        74.992799013575336        28.096110272685110        15.258724804515523        88.238451387788388        88.238451387788388        88.238451387788388        85.753689444698466        19.613570642606476        13.798130288705394        67.625539486859196        24.546082945088074        24.546082945088074        24.546082945088074     

  0.17934242541947470       0.18805422685667186       0.18907300969760979       0.17272636104224234       0.18364252033598161       0.18364252033598161       0.18364252033598161       0.19944420989319381       0.10427124410617099       0.56262053843693982       0.61090084844924164       0.70098390133549771       0.70098390133549771       0.70098390133549771     
 -0.31904091971888204      -0.31126075455508589      -0.31064198768474677      -0.32146750676040908      -0.31516191510171637      -0.31516191510171637      -0.31516191510171637      -0.30426577139413985      -0.39859336769531578       -1.4161719500556114E-003  0.35717598309719634       0.64614930200680831       0.64614930200680831       0.64614930200680831     
   11.650795020180498        11.974425418914693        11.814598567412165        10.868420276676373        10.806425660845305        10.806425660845305        10.806425660845305        11.949998162067915        9.5385276482041732        9.6393061902046888        11.941169984417497        10.185743584931981        10.185743584931981        10.185743584931981     
   10.035168812305454        8.7849592962274343        7.6397644232993542        6.0858649079616356        9.9924827581154148        9.9924827581154148        9.9924827581154148        11.792926339756324        7.2320774134272305        2.1444628508964634        10.207070349378892        2.5529622784351780        2.5529622784351780        2.5529622784351780     
  -3.2068336858661723       -3.1701165630235693       -3.0561963329444382       -2.6626115734324500       -3.2277553032203485       -3.2277553032203485       -3.2277553032203485       -3.5853207216437042       -1.6263323069353248       -2.2135746069300097       0.10909562557657182       -1.1452342398039690       -1.1452342398039690       -1.1452342398039690     
   9.6857894775757103        13.809859289868939        14.582076133640555        14.722896420007302        3.3531652794634823        3.3531652794634823        3.3531652794634823        5.1567594547608593        7.6829815892526483        3.1557362117569170       -12.591103161483261       -1.0201199253175588       -1.0201199253175588       -1.0201199253175588     
  -2.8546323129920239       -2.0952577608529737        5.7435600325615610        3.5568790708189937        10.878134842286812        10.878134842286812        10.878134842286812      -0.81048169669804793       -2.0061954885234599        6.2294105140778981       -15.497107393033616       -2.1431039283604036       -2.1431039283604036       -2.1431039283604036     
  -39.324664760607746       -44.742931059961236       -59.286368892165356       -58.939665973938205       -52.681910751997549       -52.681910751997549       -52.681910751997549       -32.625154094689904       -42.913321055957987       -22.403788751196871        10.559285444557261       -4.2103886488041979       -4.2103886488041979       -4.2103886488041979     

  0.16734129623879387       0.17463423570551023       0.19054741801557440       0.20283915485616200       0.17795639448074946       0.17795639448074946       0.17795639448074946       0.21705892828840290       0.14802772700258132       0.30734680669110925       0.41490787742958796       0.49927285583708975       0.49927285583708975       0.49927285583708975     
 -0.31988102094471055      -0.31336813238201833      -0.30440815738955118      -0.29762285522741627      -0.31200142626471078      -0.31200142626471078      -0.31200142626471078      -0.27979487254442492      -0.31990867995150390      -0.13349374340208076       0.45675025253630785       0.95456455226963688       0.95456455226963688       0.95456455226963688     
   11.990777634552106        11.406627011762914        11.619604936399714        11.481237537547283        11.999959633870295        11.999959633870295        11.999959633870295        11.994134709274967        11.962932591438175        10.408022578394178        11.672919996570998        10.491394478846015        10.491394478846015        10.491394478846015     
   14.769931353693700        15.407210044338072        19.834456140011703        20.270899611099715        14.541131471655717        14.541131471655717        14.541131471655717        11.570878518502653        4.1916945643741137        5.5099504895113647        2.8154407234673933        2.8975121473077117        2.8975121473077117        2.8975121473077117     
  -4.5835307161247698       -4.7389984230957296       -5.3271275285761703       -5.6593870869590930       -4.6881332665510485       -4.6881332665510485       -4.6881332665510485       -4.7499125055458506       -2.7917211489825675       -3.2302336691747513        1.8441415337618565       -1.0675258296374892       -1.0675258296374892       -1.0675258296374892     
  -8.1020328785411948       -10.510708196954951       -24.492791174880409       -15.026355131017738       -5.9816236842748935       -5.9816236842748935       -5.9816236842748935       0.11023492113962163        6.6659149785698162       -5.3803412455323212       -16.486846360619211      -0.12539959161979652      -0.12539959161979652      -0.12539959161979652     
  -22.964333832971846       -23.465345014423818       -5.3251553409614303       -45.393377021118710       -27.252967777333886       -27.252967777333886       -27.252967777333886       -3.5822258577949100        4.7873455815052637        15.135988130673681       -12.547320934343759      -0.13151120446387665      -0.13151120446387665      -0.13151120446387665     
   39.260388877792678        41.634312023009613        34.429300599632910        75.504105352237730        40.454122358746730        40.454122358746730        40.454122358746730       -15.150081592302584       -15.458957632683038       -15.532184149114073        48.432295187161486       -6.3357753791279947E-002  -6.3357753791279947E-002  -6.3357753791279947E-002

   2.7647739836684386        3.2024452225390401        3.4416393675082304        3.5242536226264680        3.5516342255537028        3.5516342255537028        3.5516342255537028        1.4279700530090931        1.1062205385999335       0.88189324605492236       0.64007538926801577       0.45408842799701143       0.45408842799701143       0.45408842799701143     
 -0.36412383503542550      -0.34598474947749946      -0.33821804771562436      -0.33606652531730274      -0.33576251864294870      -0.33576251864294870      -0.33576251864294870      -0.44286117513313605      -0.48590656620932188      -0.52778135963771888      -0.46445585043315529       0.12778908982178205       0.12778908982178205       0.12778908982178205     
   11.881026640558336        11.999981962467334        11.999701648622548        11.999924714803807        11.999174218434298        11.999174218434298        11.999174218434298        8.6710744808886471        7.7572180289858856        7.6097396424893251        6.9533625134829036        7.0331799567140800        7.0331799567140800        7.0331799567140800     
   28.342086829937799        31.958495325875546        37.141124688836911        36.619870845936553        38.367837750682511        38.367837750682511        38.367837750682511       -3.8772390425709240        2.8628485612113970        1.7109059327864351      -0.29022320822189940        12.006521492113123        12.006521492113123        12.006521492113123     
  -6.2667673003365110       -6.9673825899041546       -7.4645121141698070       -7.5544821503926372       -7.7007683552952955       -7.7007683552952955       -7.7007683552952955       -2.0328600877662737       -2.0123088437893912       -1.5316742907417975       0.37815763308022809       -3.6756866330025986       -3.6756866330025986       -3.6756866330025986     
  -56.578376924845628       -59.653723350432330       -85.923049078263915       -77.255075797500837       -85.641860171675972       -85.641860171675972       -85.641860171675972        40.694978438583519       -2.3617542426671889      -0.25651576288231581       -4.8357945517271475        9.2941198269486733        9.2941198269486733        9.2941198269486733     
   31.011597279698236        14.135499364342991        75.747762398255730        46.330030884392727        63.842639481869725        63.842639481869725        63.842639481869725       -89.996536248700934        3.7931537499227375       -7.9374196467966840E-002   3.4455155596174194       -18.941138711674739       -18.941138711674739       -18.941138711674739     
   41.625386235102241        67.499326682617408        13.528872320425606        42.784882473731813        29.507584875823554        29.507584875823554        29.507584875823554        72.392075520352932        1.6175859945823134        5.3973558031908624        8.0433707629553339        4.0688384471885684        4.0688384471885684        4.0688384471885684     

  0.10583725035922116       0.10547292610241717       0.10101023198208574       0.10717683587746162       0.12989571413281698       0.12989571413281698       0.12989571413281698       0.11742414082764877       0.15751286095279013       0.54438906562459566       0.47135832051747123       0.44291555708823499       0.44291555708823499       0.44291555708823499     
 -0.35326069562072593      -0.35289708621149402      -0.35827119229473359      -0.35177672448625025      -0.33230636580548878      -0.33230636580548878      -0.33230636580548878      -0.33826082353093651      -0.28627162383845250        7.7715724132838337E-002  0.63468090188499726        1.0419392569255614        1.0419392569255614        1.0419392569255614     
   11.850684155866187        11.999487818713314        11.983087689917859        11.999888020230166        11.982277439317203        11.982277439317203        11.982277439317203        11.943230266932414        11.870343288355139        11.985330079872401        11.934817915029797        10.649447256143095        10.649447256143095        10.649447256143095     
   6.5626783934216668        4.2884166914589095        2.8349517164925366        3.8489375326071809        13.101761148535523        13.101761148535523        13.101761148535523        4.1670797997381008        9.0666166635563492       0.94146954812168815        3.5455566346567196        2.8681837568441253        2.8681837568441253        2.8681837568441253     
  -3.6979257421914582       -3.3868699084568945       -3.0401871060742778       -3.3505197855767221       -4.9893434625758886       -4.9893434625758886       -4.9893434625758886       -3.6559328354199607       -4.5452623851847775       -3.3093008725306063       0.29785673690434322       -1.0926468134121166       -1.0926468134121166       -1.0926468134121166     
   3.9080079458363173        6.9935600380577938        4.9843303615963919        5.0121231000196360        2.2155010738914171        2.2155010738914171        2.2155010738914171        9.1452149944027639        6.5681782173174241        4.5520349656641486       -16.930598728398124      -0.21817452489150924      -0.21817452489150924      -0.21817452489150924     
  -15.953788622705957       -3.3295808921769492        7.0635502148443692        3.9694849549460969       -60.084474644667225       -60.084474644667225       -60.084474644667225        1.3974544974796288       -44.021066136059289        13.716708562458251       -14.700671115699294      -0.32625202904978323      -0.32625202904978323      -0.32625202904978323     
   17.408476200713196       -7.4394622144937443       -7.1869617667558572       -4.6879374950309227        77.141754532780141        77.141754532780141        77.141754532780141       -22.959604498715947        50.612947626257522       -21.282915664414531        56.370514995493778      -0.47714156072490255      -0.47714156072490255      -0.47714156072490255     

   4.9563812298282106E-002   6.5046157853032083E-002   8.8378666825120106E-002   7.6113340391299134E-002   6.5568543600482448E-002   6.5568543600482448E-002   6.5568543600482448E-002   6.5652643952192419E-002  0.11677661265799140       0.65341815516903634       0.51662109394292099       -6.5923953247853814E-002  -6.5923953247853814E-002  -6.5923953247853814E-002
 -0.41377228929664001      -0.37756938744595497      -0.34593977713932317      -0.36081796284491990      -0.37726763824049286      -0.37726763824049286      -0.37726763824049286      -0.37852934953449185      -0.27203649451431144       0.25755505446982174        1.3463934722050170        1.3583681043079714        1.3583681043079714        1.3583681043079714     
   8.8882798911600531        11.978588139214551        11.098521518044048        11.949289893126204        11.437290432554271        11.437290432554271        11.437290432554271        11.990214098025056        11.794922790252265        11.306910875276319        11.536884409141022        11.350799717364193        11.350799717364193        11.350799717364193     
   3.5170054255943342        5.1016640835503217        22.298392653608339        9.6248125674430121        5.4651430417520217        5.4651430417520217        5.4651430417520217        9.6792017515238520        8.2335026083488430        4.7138914657342355        7.4156433943675886      -0.66948384778738301      -0.66948384778738301      -0.66948384778738301     
  -3.4534829445071367       -4.0510954228586087       -6.5186157888406484       -4.9452167280062227       -4.0269078018368845       -4.0269078018368845       -4.0269078018368845       -4.5629762676479686       -4.9980094643924815       -4.0438223288742847       -5.7331843784155012E-002  -3.9850577824569129       -3.9850577824569129       -3.9850577824569129     
   7.1324904444685018        8.9742535158997470       -23.447741294425867        6.5108331638241737        5.2629586629918634        5.2629586629918634        5.2629586629918634        2.2076907741945178        9.5001184481296690       -9.7418544804781533       -10.831046095776784       -7.0732077939331504       -7.0732077939331504       -7.0732077939331504     
  -14.729547749581300        1.5769134199687613       -33.080399631109934       -20.940926941821758       -3.5656867578581313       -3.5656867578581313       -3.5656867578581313       -24.584749483298907       -29.011163241218050        41.227121597261629       -17.772451475925280       -12.400493474485515       -12.400493474485515       -12.400493474485515     
   9.0341177265312922       -29.304445404435008        66.986117992833414        3.4108454108102961       -4.7344531993097831       -4.7344531993097831       -4.7344531993097831        23.089380233217398        14.283350674099239       -42.976009136615630        18.619236218052208       -15.704109651536371       -15.704109651536371       -15.704109651536371     
