 x_max:    1.8906249999999999E-004
 mu_F:    79.657098890980279     
 pdf_label:          82

 Parameters:
  0.40844676806057217       0.50587018305898557        1.2890836243373849        1.1468418801539739        1.7805760366819261        1.7805760366819261        1.7805760366819261       0.40370943916082525       0.40265754586768876       0.49513523738512771       0.54051503588644501       0.52696466132001807       0.52696466132001807       0.52696466132001807     
  0.21814271842887201       0.24818623648955573       0.39568098893706138       0.31288390455931747       0.16040612097073348       0.16040612097073348       0.16040612097073348       0.22469059694494331       0.23088101906641700       0.25607076718234612       0.26913015343128821       0.26302468656486244       0.26302468656486244       0.26302468656486244     
   5.0004571198876624        4.9325156138809874        4.8505356362721619        4.3228774757730157        4.7540343203573281        4.7540343203573281        4.7540343203573281        5.0801693695387904        5.1924656324140734        5.2310487852678076        5.1408090882333006        5.0697417483209390        5.0697417483209390        5.0697417483209390     
   16.144747440055738        14.579657074058623        4.6442065175811962        4.8409437007479177        2.6587850676493581        2.6587850676493581        2.6587850676493581        17.156451430463676        16.341413361640051        17.696764756197403        14.663321160746698        14.643101951477213        14.643101951477213        14.643101951477213     
   4.1668379865447776        3.3417289658934237       0.93135149388944427       0.22489478658650341       -1.1872306704031530       -1.1872306704031530       -1.1872306704031530        4.4061055813975543        4.9272664885883160        3.5251510083392503        3.4114093159608885        3.4352697851581340        3.4352697851581340        3.4352697851581340     
  -8.8992390466480487       -15.811725373039764       -2.8152525935803681       -1.7625312777456230       0.17238335073302835       0.17238335073302835       0.17238335073302835       -10.305650702031045       -10.773808406747861       -23.222475406631887       -17.739339729140909       -17.034799350327518       -17.034799350327518       -17.034799350327518     
  -30.786398744500644       -9.6785059986458322       -6.7136587471467948       -6.0576271283331806        3.1376806976567195E-002   3.1376806976567195E-002   3.1376806976567195E-002  -33.576816636396522       -30.320583039029827       -3.7955884548103569       -7.0469253681520030       -8.3671663836494332       -8.3671663836494332       -8.3671663836494332     
   49.362963153209932        28.916960712253612        10.548036365251704        5.0155055671613553        1.5167887183223883        1.5167887183223883        1.5167887183223883        56.530983797626646        58.229691906955054        37.435965511049545        32.836019380297856        31.903037181292561        31.903037181292561        31.903037181292561     

  0.77714397264865576       0.61714314298571671       0.63851504053894770       0.65012303916640901       0.61268381000010630       0.61268381000010630       0.61268381000010630       0.91056800659897463       0.97943269905019548       0.69617333993950492       0.67446889761235373       0.66164819244512463       0.66164819244512463       0.66164819244512463     
  0.36370548479887876       0.29468783151852906       0.25121952747775200       0.29068006930998247       0.17099985912650351       0.17099985912650351       0.17099985912650351       0.40479383405114633       0.41625079503591422       0.33355174099313567       0.32532410005542944       0.32061737368475085       0.32061737368475085       0.32061737368475085     
   4.7328358994034190        4.6353382277344171        4.8239983208031258        5.1012646677678415        6.2853541991048854        6.2853541991048854        6.2853541991048854        4.6697623143743527        4.9402687635933269        5.1970322129738982        5.2082479739446530        5.3953411190336062        5.3953411190336062        5.3953411190336062     
  -2.7503467856709349        2.3056136993616327        4.1796325457488095        4.3297399730082269      -0.33406439163394808      -0.33406439163394808      -0.33406439163394808       -3.8431955161089526       -4.0727433942532034        2.1832971121652420        2.3757417790404993        2.4345179302520386        2.4345179302520386        2.4345179302520386     
   1.1618054961632467       0.30894506146181300      -0.86355453397938220      -0.66451987807763402        1.5781817820315212        1.5781817820315212        1.5781817820315212        1.1632788553630533        1.0536275486328961       0.35493817416111995       0.36082671115889298       0.40293572421057888       0.40293572421057888       0.40293572421057888     
   1.2178310049882271      -0.72755189582706237       0.61901375866358421        1.3270674639610434        4.7133085205455671        4.7133085205455671        4.7133085205455671        1.6586456067018958        2.5457554962799236       0.26934832875052450       0.23979425868219550       0.87178256528464715       0.87178256528464715       0.87178256528464715     
   14.129694320108726       0.47776343003013721      -0.15751391487502531      -0.42763324479102494       0.47297799275365549       0.47297799275365549       0.47297799275365549        15.796084668569819        17.514998666612954       0.24719354571109875       -2.1975461021057185E-002 -0.10565412153259501      -0.10565412153259501      -0.10565412153259501     
  -18.700561226515518       -5.5506841241709850       -7.5367704735100460       -8.2308313777643463       -1.2083359182741731       -1.2083359182741731       -1.2083359182741731       -19.894258490295428       -22.399994788130911       -4.3157695032872851       -4.0130706124330402       -3.5311167680600306       -3.5311167680600306       -3.5311167680600306     

  0.15575922888948396       0.19485452652332177       0.51534269193552606       0.59796303291343600       0.17314753733518826       0.17314753733518826       0.17314753733518826       0.14831260103105645       0.18064240317460725       0.23066705806411555       0.18108763820979495       0.19640273254594531       0.19640273254594531       0.19640273254594531     
 -0.34102941580673590      -0.30234120724324215       -3.2861684609516995E-002  0.33210054906743003        1.1486011203753328        1.1486011203753328        1.1486011203753328      -0.34517821302803359      -0.32030561213981229      -0.29388748423929811      -0.32053882051540722      -0.31115605107551358      -0.31115605107551358      -0.31115605107551358     
   9.8813261134348362        9.8570957794007708        11.356293941264827        11.665740934904687        11.844671875002966        11.844671875002966        11.844671875002966        11.867413567065068        10.842366379437927        10.629927883865003        9.0283120568563415        6.2092643893728017        6.2092643893728017        6.2092643893728017     
   8.8594507449392772        7.9793631386551311        1.0378639918739978        6.2332543572010373        17.012998227814236        17.012998227814236        17.012998227814236        12.077809005770298        11.479249880091160        21.055018454217503        8.0860790626536243        7.6248174378916040        7.6248174378916040        7.6248174378916040     
  -2.8167868824321971       -3.1447305919264466       -2.0597125936581904      -0.28385957879910251        12.964855567363003        12.964855567363003        12.964855567363003       -2.6098511073368158       -3.3197528216748040       -5.0393116642320805       -3.2225789580614332       -3.6835409694736327       -3.6835409694736327       -3.6835409694736327     
  -2.2808599686405842        3.2863899041897611      -0.65680274161600494       -19.362026389223345        22.883478239805967        22.883478239805967        22.883478239805967       -18.272757589283970       -8.7556412358290174       -27.419874058033564        1.1126087985623485        2.0555021022082798        2.0555021022082798        2.0555021022082798     
  -40.131809991034672       -47.188036617089388        5.6481979881269666       -12.389857388511530        24.538545479714244        24.538545479714244        24.538545479714244       -9.1714720108226118       -30.763371076605729       -30.622528132107519       -35.831550597812196       -32.052427183167090       -32.052427183167090       -32.052427183167090     
   73.313898117520836        70.648981675088379        14.413336129476249        71.533098536907687        32.888154377254523        32.888154377254523        32.888154377254523        79.822767125545312        75.249293698988708        88.746908756869715        50.955004188621842        32.658356658415698        32.658356658415698        32.658356658415698     

  0.19499184713752571       0.13659196137021651       0.56410699860117075       0.60639605604363134       0.66878500066483082       0.66878500066483082       0.66878500066483082       0.17293473964947761       0.18624973763537805       0.17645918618584178       0.20915945527461371       0.16814154809488632       0.16814154809488632       0.16814154809488632     
 -0.31058485489256987      -0.35926945412120259       -5.5992379190413777E-003  0.35274434122878939       0.63380389688831928       0.63380389688831928       0.63380389688831928      -0.32798783726304881      -0.31636938000183001      -0.32245856200236578      -0.30517875059679200      -0.32762739786384470      -0.32762739786384470      -0.32762739786384470     
   11.999985688243711        11.166389123653845        9.6936858212958263        11.951486862954752        10.249765316550985        10.249765316550985        10.249765316550985        11.016094540645344        11.981553184629446        11.966376393824003        10.711756555328732        10.630540959603394        10.630540959603394        10.630540959603394     
   11.136279415078072        6.8679113347017910        2.0892293672578965        10.090685018715703        2.6049872347200598        2.6049872347200598        2.6049872347200598        13.928833916083526        8.8784539667705822        7.5100590149122866        16.688146754875937        4.2268207450187703        4.2268207450187703        4.2268207450187703     
  -3.4890761049301133       -2.1738697823540249       -2.2354397277758196       0.12616796462195623       -1.0864875425948810       -1.0864875425948810       -1.0864875425948810       -3.4163859654438298       -3.2134437926940720       -2.8259847786477721       -4.3129331569205078       -2.4704839906648175       -2.4704839906648175       -2.4704839906648175     
   6.7213622923915324        12.251707521142023        3.2170868845650205       -12.912641889617021      -0.98383062773572760      -0.98383062773572760      -0.98383062773572760       -13.387278632982174        12.852119860356936        14.038547957735105       -12.847882770111823        23.291234286835873        23.291234286835873        23.291234286835873     
 -0.44001950527278666        8.0213670430737096        6.5017459976444769       -15.561447770426227       -2.1796890872445118       -2.1796890872445118       -2.1796890872445118        40.545338982037407        7.6436608083149622        5.8191704372890172        9.7605681949122243       -19.757380565422125       -19.757380565422125       -19.757380565422125     
  -36.446578188952991       -58.228673250917083       -22.535561944986057        11.875086334057684       -4.4201344050680831       -4.4201344050680831       -4.4201344050680831       -70.086615617624673       -65.493129283291594       -55.940823803181139       -28.378001165906902       -36.769311054458647       -36.769311054458647       -36.769311054458647     

  0.21474544004263066       0.14960028062758474       0.28249724413097071       0.39246363647149624       0.50873515722310514       0.50873515722310514       0.50873515722310514       0.17165467476030041       0.16512874166890965       0.19222044963118060       0.16881909772479248       0.15302682777066054       0.15302682777066054       0.15302682777066054     
 -0.28354914384144447      -0.31996851420516886      -0.15827145886526783       0.44849716681886376       0.95256526300047195       0.95256526300047195       0.95256526300047195      -0.32146011966541294      -0.32231080949208291      -0.30643644026719147      -0.32183367698107251      -0.33149641718804890      -0.33149641718804890      -0.33149641718804890     
   11.997463609965571        11.681369585973041        10.309919177944550        11.502343036389524        10.486963628154816        10.486963628154816        10.486963628154816        11.639933760601668        11.866164006532296        11.728264358919986        11.813484677778540        11.977162802308925        11.977162802308925        11.977162802308925     
   10.980992807688690        3.8853288580512739        5.5029637629041268        2.8270434869301830        2.8627055995787103        2.8627055995787103        2.8627055995787103        17.220863465613725        12.369831395758403        18.792434040389288        12.693913581844804        9.7179285903509616        9.7179285903509616        9.7179285903509616     
  -4.6721827026577216       -2.7614080219689257       -3.2277244566531564        1.8926460814371566       -1.0908716630250481       -1.0908716630250481       -1.0908716630250481       -4.9476010193085997       -4.2442889653183258       -5.3451240390361150       -4.4686253669206906       -3.7072904344606101       -3.7072904344606101       -3.7072904344606101     
   1.5760752862424141        6.2983145229861037       -4.9450461167234181       -16.533817676314385      -0.17411294534883837      -0.17411294534883837      -0.17411294534883837       -11.420221431844396       -5.4812439397077100       -14.259634902407413        3.2582979340420195       -3.7122251492538965       -3.7122251492538965       -3.7122251492538965     
  -2.1111519188757484        4.5783206826666571        14.417378918126545       -12.785352792862085      -0.20132256327589459      -0.20132256327589459      -0.20132256327589459       -40.067565347208522       -12.376651184777458       -34.504509749149904       -52.779488100087733        9.1562778623284657E-002   9.1562778623284657E-002   9.1562778623284657E-002
  -23.301971369215948       -15.023994433046596       -15.757406128200415        47.148444580798952      -0.16335252659989408      -0.16335252659989408      -0.16335252659989408        68.842100971481813        19.809495050001274        60.544518667967054        65.184232647092756        4.7985879975300492        4.7985879975300492        4.7985879975300492     

   1.4489099426530030        1.1682941282378834       0.87521767654919502       0.90092437103773482       0.49904105223363454       0.49904105223363454       0.49904105223363454        2.7485438200732615        3.2642160502022666        3.3531070931600890        3.4409820640117990        3.4802080824856221        3.4802080824856221        3.4802080824856221     
 -0.44541893522810805      -0.47982041285204818      -0.53017264889290683      -0.36473293258104278       0.14613526129394772       0.14613526129394772       0.14613526129394772      -0.36900307572188579      -0.34872129436131533      -0.34527782566035103      -0.34310324425520466      -0.34231032761642888      -0.34231032761642888      -0.34231032761642888     
   8.9671353311117237        8.6053932454717703        7.4341770439555539        8.5416051232141257        7.1560860034203637        7.1560860034203637        7.1560860034203637        11.994594521485721        11.839758808148218        11.988319098543677        11.407234565657509        11.999046513506739        11.999046513506739        11.999046513506739     
  -2.0764902320368002        3.3052541229447598        1.0835509396847236       -2.2762165807471000        11.769728676997691        11.769728676997691        11.769728676997691        28.617642310049568        37.106063090746915        36.578394204421336        37.782851141608305        38.492751279773948        38.492751279773948        38.492751279773948     
  -2.3055317118342913       -2.1463108482657844       -1.4992781818437493       0.91132690019211537       -3.9392923949275485       -3.9392923949275485       -3.9392923949275485       -6.3502185509575853       -7.4209259067968389       -7.4179202690218062       -7.6120656387926573       -7.7167392301779714       -7.7167392301779714       -7.7167392301779714     
   36.728847281489351       -1.3387471606272072       0.94030809575825458       -2.2681629127420422        9.0937995281348094        9.0937995281348094        9.0937995281348094       -55.693233138393339       -86.439458118853253       -84.459490100367958       -89.949552550597943       -86.969660089839252       -86.969660089839252       -86.969660089839252     
  -87.998705079613970        1.0052403328741946      -0.22130996841498529       0.64823478250950473       -18.719609828241005       -18.719609828241005       -18.719609828241005        25.488219230571985        76.048215711520442        76.320098844847024        89.834007048505811        69.111655238227627        69.111655238227627        69.111655238227627     
   75.180526159984964        6.0166454761891259        3.5767269676574216        18.751719711760870        5.1917008591519078        5.1917008591519078        5.1917008591519078        48.420617873062128        13.808414023006335        9.3576005800646129       -7.4405450540857743        22.847799565397509        22.847799565397509        22.847799565397509     

  0.12346452289359748       0.16951513136499682       0.47623016536008794       0.50528163533613890       0.44054180632494222       0.44054180632494222       0.44054180632494222       0.10257902570645129       0.10846367945419265       0.10859597064907864        8.9348362370575890E-002  0.13339395085370337       0.13339395085370337       0.13339395085370337     
 -0.33507128380743162      -0.27633779774369660        3.6760420344125300E-002  0.62058776036223473        1.0457519883029223        1.0457519883029223        1.0457519883029223      -0.36498035407100782      -0.35468937368500980      -0.35481406283903244      -0.37365975406040669      -0.33340226468766199      -0.33340226468766199      -0.33340226468766199     
   11.823553773864489        11.995710536472910        11.504486736291232        11.992284005480990        10.658741646093914        10.658741646093914        10.658741646093914        11.282967356146395        11.943632445180320        11.762399029378647        11.995837945026580        11.976206394316126        11.976206394316126        11.976206394316126     
   5.5546994723943328        7.7028490995198027        1.5496599700756057        3.9937807793136706        2.8679892952231576        2.8679892952231576        2.8679892952231576        10.344662264072937        4.9952089792276482        3.8859931201542786       -19.975336013165769        13.938910112384157        13.938910112384157        13.938910112384157     
  -3.9400630353345534       -4.4565053260654111       -3.4338322687600353        3.3798454662964161E-002  -1.0919742989069618       -1.0919742989069618       -1.0919742989069618       -4.0051759437079113       -3.5756371604046535       -3.5001310770821803      -0.92681751404336410       -5.1185377265397705       -5.1185377265397705       -5.1185377265397705     
   8.6709976705950567        8.2727770524391531        4.6094807395794817       -17.331748419599521      -0.22251129198461683      -0.22251129198461683      -0.22251129198461683       -11.330949552918241        6.6927690734928120        9.2387848542980748        89.924235352668347        9.0404202869180494E-002   9.0404202869180494E-002   9.0404202869180494E-002
  -9.6968382556213442       -32.753312355251680        9.9394233364145350       -15.259251128534032      -0.33841163903348104      -0.33841163903348104      -0.33841163903348104        4.5608613641806244       -6.0062316682294892       -1.5520825752700773       -89.347311972394337       -58.453792125652186       -58.453792125652186       -58.453792125652186     
  -5.8056915488417644        28.628332807038319       -17.555032998546835        57.631609221370638      -0.50515314164317715      -0.50515314164317715      -0.50515314164317715        8.9427500764416692       -5.0041044185454950       -18.510847513500977       -15.462283676526340        76.014912857032840        76.014912857032840        76.014912857032840     

   6.2476848357053083E-002  0.13452379435366285       0.58208587979669035       0.51941656837065886       -6.5938041576033807E-002  -6.5938041576033807E-002  -6.5938041576033807E-002   5.3181289117945285E-002   6.5033419968113806E-002   7.2325728077820922E-002  0.10589550755729646        9.1996537413962798E-002   9.1996537413962798E-002   9.1996537413962798E-002
 -0.38931407344608920      -0.24216720503000611       0.18245470595559699        1.3437574629212066        1.3590263010666648        1.3590263010666648        1.3590263010666648      -0.41044489939298967      -0.38347848661879907      -0.37158444090781373      -0.33076883957390063      -0.34761241732116499      -0.34761241732116499      -0.34761241732116499     
   11.993555858022187        11.983001004157902        11.982753278147861        11.529252481697249        11.353874251985685        11.353874251985685        11.353874251985685        11.476220182552312        11.714806941996525        11.965174577700973        11.982305227794038        11.290506727385193        11.290506727385193        11.290506727385193     
   4.1573393641509142        3.6400527310702415        5.7533955677996573        7.4258619936015116       -1.0875066542059884       -1.0875066542059884       -1.0875066542059884        3.5955335622344649        4.9645602104237909        6.2099446694687117        20.310588525708354        20.484380416599357        20.484380416599357        20.484380416599357     
  -3.8536622151502158       -4.4298990732208807       -4.5078441681773143       -4.3016308452756391E-002  -4.0114819592192390       -4.0114819592192390       -4.0114819592192390       -3.4165772803929926       -4.0023108916465659       -4.3906018661257775       -6.9102971686650392       -6.5027803412534837       -6.5027803412534837       -6.5027803412534837     
   11.057750664811067        12.953238760103687       -2.0971714478563968       -10.844328720516330       -6.9646552922948501       -6.9646552922948501       -6.9646552922948501        7.9895532434374275        9.4522889450376937        8.5930327432302533        2.4822446650757968       -12.082587391535853       -12.082587391535853       -12.082587391535853     
   2.0958420600856726        8.1957111275047367        15.950185213686026       -17.835333286317976       -12.223956622100843       -12.223956622100843       -12.223956622100843       -1.8598116933640512       -1.8546698105744213       0.11496492672358727       -89.599185383658579       -52.823969311938924       -52.823969311938924       -52.823969311938924     
  -35.270197244888095       -48.806841323258247       -23.674501259481019        18.491628887578926       -14.523694472845605       -14.523694472845605       -14.523694472845605       -15.069101501295449       -26.370886365989179       -30.979664717046617        89.528029076909064        73.694694756770417        73.694694756770417        73.694694756770417     


  0.40370943916082525       0.40265754586768876       0.49513523738512771       0.54051503588644501       0.52696466132001807       0.52696466132001807       0.52696466132001807       0.40844676806057217       0.50587018305898557        1.2890836243373849        1.1468418801539739        1.7805760366819261        1.7805760366819261        1.7805760366819261     
  0.22469059694494331       0.23088101906641700       0.25607076718234612       0.26913015343128821       0.26302468656486244       0.26302468656486244       0.26302468656486244       0.21814271842887201       0.24818623648955573       0.39568098893706138       0.31288390455931747       0.16040612097073348       0.16040612097073348       0.16040612097073348     
   5.0801693695387904        5.1924656324140734        5.2310487852678076        5.1408090882333006        5.0697417483209390        5.0697417483209390        5.0697417483209390        5.0004571198876624        4.9325156138809874        4.8505356362721619        4.3228774757730157        4.7540343203573281        4.7540343203573281        4.7540343203573281     
   17.156451430463676        16.341413361640051        17.696764756197403        14.663321160746698        14.643101951477213        14.643101951477213        14.643101951477213        16.144747440055738        14.579657074058623        4.6442065175811962        4.8409437007479177        2.6587850676493581        2.6587850676493581        2.6587850676493581     
   4.4061055813975543        4.9272664885883160        3.5251510083392503        3.4114093159608885        3.4352697851581340        3.4352697851581340        3.4352697851581340        4.1668379865447776        3.3417289658934237       0.93135149388944427       0.22489478658650341       -1.1872306704031530       -1.1872306704031530       -1.1872306704031530     
  -10.305650702031045       -10.773808406747861       -23.222475406631887       -17.739339729140909       -17.034799350327518       -17.034799350327518       -17.034799350327518       -8.8992390466480487       -15.811725373039764       -2.8152525935803681       -1.7625312777456230       0.17238335073302835       0.17238335073302835       0.17238335073302835     
  -33.576816636396522       -30.320583039029827       -3.7955884548103569       -7.0469253681520030       -8.3671663836494332       -8.3671663836494332       -8.3671663836494332       -30.786398744500644       -9.6785059986458322       -6.7136587471467948       -6.0576271283331806        3.1376806976567195E-002   3.1376806976567195E-002   3.1376806976567195E-002
   56.530983797626646        58.229691906955054        37.435965511049545        32.836019380297856        31.903037181292561        31.903037181292561        31.903037181292561        49.362963153209932        28.916960712253612        10.548036365251704        5.0155055671613553        1.5167887183223883        1.5167887183223883        1.5167887183223883     

  0.91056800659897463       0.97943269905019548       0.69617333993950492       0.67446889761235373       0.66164819244512463       0.66164819244512463       0.66164819244512463       0.77714397264865576       0.61714314298571671       0.63851504053894770       0.65012303916640901       0.61268381000010630       0.61268381000010630       0.61268381000010630     
  0.40479383405114633       0.41625079503591422       0.33355174099313567       0.32532410005542944       0.32061737368475085       0.32061737368475085       0.32061737368475085       0.36370548479887876       0.29468783151852906       0.25121952747775200       0.29068006930998247       0.17099985912650351       0.17099985912650351       0.17099985912650351     
   4.6697623143743527        4.9402687635933269        5.1970322129738982        5.2082479739446530        5.3953411190336062        5.3953411190336062        5.3953411190336062        4.7328358994034190        4.6353382277344171        4.8239983208031258        5.1012646677678415        6.2853541991048854        6.2853541991048854        6.2853541991048854     
  -3.8431955161089526       -4.0727433942532034        2.1832971121652420        2.3757417790404993        2.4345179302520386        2.4345179302520386        2.4345179302520386       -2.7503467856709349        2.3056136993616327        4.1796325457488095        4.3297399730082269      -0.33406439163394808      -0.33406439163394808      -0.33406439163394808     
   1.1632788553630533        1.0536275486328961       0.35493817416111995       0.36082671115889298       0.40293572421057888       0.40293572421057888       0.40293572421057888        1.1618054961632467       0.30894506146181300      -0.86355453397938220      -0.66451987807763402        1.5781817820315212        1.5781817820315212        1.5781817820315212     
   1.6586456067018958        2.5457554962799236       0.26934832875052450       0.23979425868219550       0.87178256528464715       0.87178256528464715       0.87178256528464715        1.2178310049882271      -0.72755189582706237       0.61901375866358421        1.3270674639610434        4.7133085205455671        4.7133085205455671        4.7133085205455671     
   15.796084668569819        17.514998666612954       0.24719354571109875       -2.1975461021057185E-002 -0.10565412153259501      -0.10565412153259501      -0.10565412153259501        14.129694320108726       0.47776343003013721      -0.15751391487502531      -0.42763324479102494       0.47297799275365549       0.47297799275365549       0.47297799275365549     
  -19.894258490295428       -22.399994788130911       -4.3157695032872851       -4.0130706124330402       -3.5311167680600306       -3.5311167680600306       -3.5311167680600306       -18.700561226515518       -5.5506841241709850       -7.5367704735100460       -8.2308313777643463       -1.2083359182741731       -1.2083359182741731       -1.2083359182741731     

  0.14831260103105645       0.18064240317460725       0.23066705806411555       0.18108763820979495       0.19640273254594531       0.19640273254594531       0.19640273254594531       0.15575922888948396       0.19485452652332177       0.51534269193552606       0.59796303291343600       0.17314753733518826       0.17314753733518826       0.17314753733518826     
 -0.34517821302803359      -0.32030561213981229      -0.29388748423929811      -0.32053882051540722      -0.31115605107551358      -0.31115605107551358      -0.31115605107551358      -0.34102941580673590      -0.30234120724324215       -3.2861684609516995E-002  0.33210054906743003        1.1486011203753328        1.1486011203753328        1.1486011203753328     
   11.867413567065068        10.842366379437927        10.629927883865003        9.0283120568563415        6.2092643893728017        6.2092643893728017        6.2092643893728017        9.8813261134348362        9.8570957794007708        11.356293941264827        11.665740934904687        11.844671875002966        11.844671875002966        11.844671875002966     
   12.077809005770298        11.479249880091160        21.055018454217503        8.0860790626536243        7.6248174378916040        7.6248174378916040        7.6248174378916040        8.8594507449392772        7.9793631386551311        1.0378639918739978        6.2332543572010373        17.012998227814236        17.012998227814236        17.012998227814236     
  -2.6098511073368158       -3.3197528216748040       -5.0393116642320805       -3.2225789580614332       -3.6835409694736327       -3.6835409694736327       -3.6835409694736327       -2.8167868824321971       -3.1447305919264466       -2.0597125936581904      -0.28385957879910251        12.964855567363003        12.964855567363003        12.964855567363003     
  -18.272757589283970       -8.7556412358290174       -27.419874058033564        1.1126087985623485        2.0555021022082798        2.0555021022082798        2.0555021022082798       -2.2808599686405842        3.2863899041897611      -0.65680274161600494       -19.362026389223345        22.883478239805967        22.883478239805967        22.883478239805967     
  -9.1714720108226118       -30.763371076605729       -30.622528132107519       -35.831550597812196       -32.052427183167090       -32.052427183167090       -32.052427183167090       -40.131809991034672       -47.188036617089388        5.6481979881269666       -12.389857388511530        24.538545479714244        24.538545479714244        24.538545479714244     
   79.822767125545312        75.249293698988708        88.746908756869715        50.955004188621842        32.658356658415698        32.658356658415698        32.658356658415698        73.313898117520836        70.648981675088379        14.413336129476249        71.533098536907687        32.888154377254523        32.888154377254523        32.888154377254523     

  0.17293473964947761       0.18624973763537805       0.17645918618584178       0.20915945527461371       0.16814154809488632       0.16814154809488632       0.16814154809488632       0.19499184713752571       0.13659196137021651       0.56410699860117075       0.60639605604363134       0.66878500066483082       0.66878500066483082       0.66878500066483082     
 -0.32798783726304881      -0.31636938000183001      -0.32245856200236578      -0.30517875059679200      -0.32762739786384470      -0.32762739786384470      -0.32762739786384470      -0.31058485489256987      -0.35926945412120259       -5.5992379190413777E-003  0.35274434122878939       0.63380389688831928       0.63380389688831928       0.63380389688831928     
   11.016094540645344        11.981553184629446        11.966376393824003        10.711756555328732        10.630540959603394        10.630540959603394        10.630540959603394        11.999985688243711        11.166389123653845        9.6936858212958263        11.951486862954752        10.249765316550985        10.249765316550985        10.249765316550985     
   13.928833916083526        8.8784539667705822        7.5100590149122866        16.688146754875937        4.2268207450187703        4.2268207450187703        4.2268207450187703        11.136279415078072        6.8679113347017910        2.0892293672578965        10.090685018715703        2.6049872347200598        2.6049872347200598        2.6049872347200598     
  -3.4163859654438298       -3.2134437926940720       -2.8259847786477721       -4.3129331569205078       -2.4704839906648175       -2.4704839906648175       -2.4704839906648175       -3.4890761049301133       -2.1738697823540249       -2.2354397277758196       0.12616796462195623       -1.0864875425948810       -1.0864875425948810       -1.0864875425948810     
  -13.387278632982174        12.852119860356936        14.038547957735105       -12.847882770111823        23.291234286835873        23.291234286835873        23.291234286835873        6.7213622923915324        12.251707521142023        3.2170868845650205       -12.912641889617021      -0.98383062773572760      -0.98383062773572760      -0.98383062773572760     
   40.545338982037407        7.6436608083149622        5.8191704372890172        9.7605681949122243       -19.757380565422125       -19.757380565422125       -19.757380565422125      -0.44001950527278666        8.0213670430737096        6.5017459976444769       -15.561447770426227       -2.1796890872445118       -2.1796890872445118       -2.1796890872445118     
  -70.086615617624673       -65.493129283291594       -55.940823803181139       -28.378001165906902       -36.769311054458647       -36.769311054458647       -36.769311054458647       -36.446578188952991       -58.228673250917083       -22.535561944986057        11.875086334057684       -4.4201344050680831       -4.4201344050680831       -4.4201344050680831     

  0.17165467476030041       0.16512874166890965       0.19222044963118060       0.16881909772479248       0.15302682777066054       0.15302682777066054       0.15302682777066054       0.21474544004263066       0.14960028062758474       0.28249724413097071       0.39246363647149624       0.50873515722310514       0.50873515722310514       0.50873515722310514     
 -0.32146011966541294      -0.32231080949208291      -0.30643644026719147      -0.32183367698107251      -0.33149641718804890      -0.33149641718804890      -0.33149641718804890      -0.28354914384144447      -0.31996851420516886      -0.15827145886526783       0.44849716681886376       0.95256526300047195       0.95256526300047195       0.95256526300047195     
   11.639933760601668        11.866164006532296        11.728264358919986        11.813484677778540        11.977162802308925        11.977162802308925        11.977162802308925        11.997463609965571        11.681369585973041        10.309919177944550        11.502343036389524        10.486963628154816        10.486963628154816        10.486963628154816     
   17.220863465613725        12.369831395758403        18.792434040389288        12.693913581844804        9.7179285903509616        9.7179285903509616        9.7179285903509616        10.980992807688690        3.8853288580512739        5.5029637629041268        2.8270434869301830        2.8627055995787103        2.8627055995787103        2.8627055995787103     
  -4.9476010193085997       -4.2442889653183258       -5.3451240390361150       -4.4686253669206906       -3.7072904344606101       -3.7072904344606101       -3.7072904344606101       -4.6721827026577216       -2.7614080219689257       -3.2277244566531564        1.8926460814371566       -1.0908716630250481       -1.0908716630250481       -1.0908716630250481     
  -11.420221431844396       -5.4812439397077100       -14.259634902407413        3.2582979340420195       -3.7122251492538965       -3.7122251492538965       -3.7122251492538965        1.5760752862424141        6.2983145229861037       -4.9450461167234181       -16.533817676314385      -0.17411294534883837      -0.17411294534883837      -0.17411294534883837     
  -40.067565347208522       -12.376651184777458       -34.504509749149904       -52.779488100087733        9.1562778623284657E-002   9.1562778623284657E-002   9.1562778623284657E-002  -2.1111519188757484        4.5783206826666571        14.417378918126545       -12.785352792862085      -0.20132256327589459      -0.20132256327589459      -0.20132256327589459     
   68.842100971481813        19.809495050001274        60.544518667967054        65.184232647092756        4.7985879975300492        4.7985879975300492        4.7985879975300492       -23.301971369215948       -15.023994433046596       -15.757406128200415        47.148444580798952      -0.16335252659989408      -0.16335252659989408      -0.16335252659989408     

   2.7485438200732615        3.2642160502022666        3.3531070931600890        3.4409820640117990        3.4802080824856221        3.4802080824856221        3.4802080824856221        1.4489099426530030        1.1682941282378834       0.87521767654919502       0.90092437103773482       0.49904105223363454       0.49904105223363454       0.49904105223363454     
 -0.36900307572188579      -0.34872129436131533      -0.34527782566035103      -0.34310324425520466      -0.34231032761642888      -0.34231032761642888      -0.34231032761642888      -0.44541893522810805      -0.47982041285204818      -0.53017264889290683      -0.36473293258104278       0.14613526129394772       0.14613526129394772       0.14613526129394772     
   11.994594521485721        11.839758808148218        11.988319098543677        11.407234565657509        11.999046513506739        11.999046513506739        11.999046513506739        8.9671353311117237        8.6053932454717703        7.4341770439555539        8.5416051232141257        7.1560860034203637        7.1560860034203637        7.1560860034203637     
   28.617642310049568        37.106063090746915        36.578394204421336        37.782851141608305        38.492751279773948        38.492751279773948        38.492751279773948       -2.0764902320368002        3.3052541229447598        1.0835509396847236       -2.2762165807471000        11.769728676997691        11.769728676997691        11.769728676997691     
  -6.3502185509575853       -7.4209259067968389       -7.4179202690218062       -7.6120656387926573       -7.7167392301779714       -7.7167392301779714       -7.7167392301779714       -2.3055317118342913       -2.1463108482657844       -1.4992781818437493       0.91132690019211537       -3.9392923949275485       -3.9392923949275485       -3.9392923949275485     
  -55.693233138393339       -86.439458118853253       -84.459490100367958       -89.949552550597943       -86.969660089839252       -86.969660089839252       -86.969660089839252        36.728847281489351       -1.3387471606272072       0.94030809575825458       -2.2681629127420422        9.0937995281348094        9.0937995281348094        9.0937995281348094     
   25.488219230571985        76.048215711520442        76.320098844847024        89.834007048505811        69.111655238227627        69.111655238227627        69.111655238227627       -87.998705079613970        1.0052403328741946      -0.22130996841498529       0.64823478250950473       -18.719609828241005       -18.719609828241005       -18.719609828241005     
   48.420617873062128        13.808414023006335        9.3576005800646129       -7.4405450540857743        22.847799565397509        22.847799565397509        22.847799565397509        75.180526159984964        6.0166454761891259        3.5767269676574216        18.751719711760870        5.1917008591519078        5.1917008591519078        5.1917008591519078     

  0.10257902570645129       0.10846367945419265       0.10859597064907864        8.9348362370575890E-002  0.13339395085370337       0.13339395085370337       0.13339395085370337       0.12346452289359748       0.16951513136499682       0.47623016536008794       0.50528163533613890       0.44054180632494222       0.44054180632494222       0.44054180632494222     
 -0.36498035407100782      -0.35468937368500980      -0.35481406283903244      -0.37365975406040669      -0.33340226468766199      -0.33340226468766199      -0.33340226468766199      -0.33507128380743162      -0.27633779774369660        3.6760420344125300E-002  0.62058776036223473        1.0457519883029223        1.0457519883029223        1.0457519883029223     
   11.282967356146395        11.943632445180320        11.762399029378647        11.995837945026580        11.976206394316126        11.976206394316126        11.976206394316126        11.823553773864489        11.995710536472910        11.504486736291232        11.992284005480990        10.658741646093914        10.658741646093914        10.658741646093914     
   10.344662264072937        4.9952089792276482        3.8859931201542786       -19.975336013165769        13.938910112384157        13.938910112384157        13.938910112384157        5.5546994723943328        7.7028490995198027        1.5496599700756057        3.9937807793136706        2.8679892952231576        2.8679892952231576        2.8679892952231576     
  -4.0051759437079113       -3.5756371604046535       -3.5001310770821803      -0.92681751404336410       -5.1185377265397705       -5.1185377265397705       -5.1185377265397705       -3.9400630353345534       -4.4565053260654111       -3.4338322687600353        3.3798454662964161E-002  -1.0919742989069618       -1.0919742989069618       -1.0919742989069618     
  -11.330949552918241        6.6927690734928120        9.2387848542980748        89.924235352668347        9.0404202869180494E-002   9.0404202869180494E-002   9.0404202869180494E-002   8.6709976705950567        8.2727770524391531        4.6094807395794817       -17.331748419599521      -0.22251129198461683      -0.22251129198461683      -0.22251129198461683     
   4.5608613641806244       -6.0062316682294892       -1.5520825752700773       -89.347311972394337       -58.453792125652186       -58.453792125652186       -58.453792125652186       -9.6968382556213442       -32.753312355251680        9.9394233364145350       -15.259251128534032      -0.33841163903348104      -0.33841163903348104      -0.33841163903348104     
   8.9427500764416692       -5.0041044185454950       -18.510847513500977       -15.462283676526340        76.014912857032840        76.014912857032840        76.014912857032840       -5.8056915488417644        28.628332807038319       -17.555032998546835        57.631609221370638      -0.50515314164317715      -0.50515314164317715      -0.50515314164317715     

   5.3181289117945285E-002   6.5033419968113806E-002   7.2325728077820922E-002  0.10589550755729646        9.1996537413962798E-002   9.1996537413962798E-002   9.1996537413962798E-002   6.2476848357053083E-002  0.13452379435366285       0.58208587979669035       0.51941656837065886       -6.5938041576033807E-002  -6.5938041576033807E-002  -6.5938041576033807E-002
 -0.41044489939298967      -0.38347848661879907      -0.37158444090781373      -0.33076883957390063      -0.34761241732116499      -0.34761241732116499      -0.34761241732116499      -0.38931407344608920      -0.24216720503000611       0.18245470595559699        1.3437574629212066        1.3590263010666648        1.3590263010666648        1.3590263010666648     
   11.476220182552312        11.714806941996525        11.965174577700973        11.982305227794038        11.290506727385193        11.290506727385193        11.290506727385193        11.993555858022187        11.983001004157902        11.982753278147861        11.529252481697249        11.353874251985685        11.353874251985685        11.353874251985685     
   3.5955335622344649        4.9645602104237909        6.2099446694687117        20.310588525708354        20.484380416599357        20.484380416599357        20.484380416599357        4.1573393641509142        3.6400527310702415        5.7533955677996573        7.4258619936015116       -1.0875066542059884       -1.0875066542059884       -1.0875066542059884     
  -3.4165772803929926       -4.0023108916465659       -4.3906018661257775       -6.9102971686650392       -6.5027803412534837       -6.5027803412534837       -6.5027803412534837       -3.8536622151502158       -4.4298990732208807       -4.5078441681773143       -4.3016308452756391E-002  -4.0114819592192390       -4.0114819592192390       -4.0114819592192390     
   7.9895532434374275        9.4522889450376937        8.5930327432302533        2.4822446650757968       -12.082587391535853       -12.082587391535853       -12.082587391535853        11.057750664811067        12.953238760103687       -2.0971714478563968       -10.844328720516330       -6.9646552922948501       -6.9646552922948501       -6.9646552922948501     
  -1.8598116933640512       -1.8546698105744213       0.11496492672358727       -89.599185383658579       -52.823969311938924       -52.823969311938924       -52.823969311938924        2.0958420600856726        8.1957111275047367        15.950185213686026       -17.835333286317976       -12.223956622100843       -12.223956622100843       -12.223956622100843     
  -15.069101501295449       -26.370886365989179       -30.979664717046617        89.528029076909064        73.694694756770417        73.694694756770417        73.694694756770417       -35.270197244888095       -48.806841323258247       -23.674501259481019        18.491628887578926       -14.523694472845605       -14.523694472845605       -14.523694472845605     
