 x_max:    1.8906249999999999E-004
 mu_F:    65.944056972558187     
 pdf_label:          82

 Parameters:
  0.41184754386755479       0.52252571995235597        1.3046962577272876        1.1984793170110670        1.3412105272225878        1.3412105272225878        1.3412105272225878       0.39721595550446132       0.40336799594046291       0.50026268241988336       0.48849993559707661       0.48625903483464256       0.48625903483464256       0.48625903483464256     
  0.21702697320082320       0.25721831435748754       0.40811222545587089       0.20481206508584004       -1.8128162553631699E-002  -1.8128162553631699E-002  -1.8128162553631699E-002  0.22981973593964056       0.23453100790923842       0.25722533503235590       0.25290663399465996       0.25387716220226508       0.25387716220226508       0.25387716220226508     
   4.9865196660959485        5.1549885865780238        4.8883150951577070        4.0129621041031207        4.6565195641341770        4.6565195641341770        4.6565195641341770        5.1246566512954859        5.1755386283712932        5.1857324273361050        5.0984259974733934        5.0160446302621269        5.0160446302621269        5.0160446302621269     
   17.614874641272614        17.781005207057831        4.2213481880723265        4.0099678348301566        1.6638408906557238        1.6638408906557238        1.6638408906557238        17.145988657718220        16.664027441241707        17.767887312718507        17.297862800046715        17.509743088278761        17.509743088278761        17.509743088278761     
   3.6891995162886744        2.8883986415586946        1.1640769829367770      -0.89653869723319701       -1.2876869114701321       -1.2876869114701321       -1.2876869114701321        4.8171776470785801        4.9506209241824166        3.3512940277550101        3.5282157351645864        3.5572717948786163        3.5572717948786163        3.5572717948786163     
  -9.2047550617429579       -21.815767575691780       -2.6436716628595036       -1.4304574275428195E-002   4.3039565347982602        4.3039565347982602        4.3039565347982602       -11.241914852637692       -11.337145113433294       -22.661710793583353       -22.251251135182031       -22.787938866977527       -22.787938866977527       -22.787938866977527     
  -33.576037787326328       -5.8018771058898295       -6.2634460774531959      -0.37088047241873312       -3.4222276690616127       -3.4222276690616127       -3.4222276690616127       -30.316501005704026       -28.992380238786062       -3.0687870975607296       -3.2583913457979747       -5.0367958672107278       -5.0367958672107278       -5.0367958672107278     
   52.501227101551251        35.991131431091020        10.902254719716055       -3.1033945164220142        2.7237433289399320        2.7237433289399320        2.7237433289399320        57.458794994904281        57.901429706267095        35.145367716927169        33.622103619399738        34.050152292641343        34.050152292641343        34.050152292641343     

  0.81565409767846719       0.69320945460374372       0.62652826780197779       0.61317648971597838       0.63977837180749431       0.63977837180749431       0.63977837180749431       0.89696242574999840       0.93031670369637287       0.64144108540027500       0.64234974399988154       0.67380986194766546       0.67380986194766546       0.67380986194766546     
  0.37218886093145986       0.34175431868901973       0.24743673457514737       0.27707393640535871       0.30938590406831801       0.30938590406831801       0.30938590406831801       0.40558695470890327       0.40887442177056754       0.32178651826669591       0.31974015402730926       0.32623304776216355       0.32623304776216355       0.32623304776216355     
   4.6814779894518264        4.5823381374973877        4.9311666801449974        5.1351536313542896        6.4402894130908379        6.4402894130908379        6.4402894130908379        4.7529665391905773        4.8407013142304400        5.3113789469995636        5.3032681446453740        5.2056456259177271        5.2056456259177271        5.2056456259177271     
  -2.5297022481942832       -1.8020142743690428        3.6385700612436871        4.3955359643370713       0.46849264103988730       0.46849264103988730       0.46849264103988730       -4.2786209667875017       -4.0268049405277928        2.1274400533672484        2.1210959316676643        2.4237296402168518        2.4237296402168518        2.4237296402168518     
  0.97351454190034303        1.2455497640666238      -0.75387311843172000      -0.61467502298994958        1.7236344557748566        1.7236344557748566        1.7236344557748566        1.3497127941258782        1.1432752799277210       0.62647285337819625       0.59086716262306993       0.36994767586918442       0.36994767586918442       0.36994767586918442     
   1.6568223915522111      -0.29507268608894321        2.1555540931535546        2.0561795375316620        5.9333002259218404        5.9333002259218404        5.9333002259218404        1.6923757620699575        2.5453377087909388        1.1059216747458294        1.1677036785538917       0.34463967647316451       0.34463967647316451       0.34463967647316451     
   12.900224328917176        13.278302284497812       0.71233065883573943        6.4165961483411138E-002   1.3412637581067628        1.3412637581067628        1.3412637581067628        18.664433342805310        17.157393147315787      -0.43916271678104124      -0.37472199375046955       0.15344751555846869       0.15344751555846869       0.15344751555846869     
  -17.974093819365535       -17.225522187637111       -9.7556766020656625       -9.6884440807937438       -3.3768414063864185       -3.3768414063864185       -3.3768414063864185       -22.902653159086881       -22.220081832275682       -3.7138683629620175       -3.8089859677360351       -4.1547913710708144       -4.1547913710708144       -4.1547913710708144     

  0.15794829059366600       0.21384211585502330       0.53734901334060170       0.56300575232157191       0.18060723492827924       0.18060723492827924       0.18060723492827924       0.13927627640912343       0.20582632638914689       0.17291902113836952       0.16944474849209507       0.18764928566173122       0.18764928566173122       0.18764928566173122     
 -0.33632721617660349      -0.27874708828633044       -1.9182211752685308E-002  0.27543765517022512        1.0978536119836526        1.0978536119836526        1.0978536119836526      -0.34632954867396581      -0.30138146931213572      -0.32010005422982829      -0.32264271169823000      -0.31144366728842293      -0.31144366728842293      -0.31144366728842293     
   11.038393407392853        7.9408919833434846        11.335159773853881        11.960301829657908        11.851270933711906        11.851270933711906        11.851270933711906        11.969867420404920        9.6364554273811542        8.4147674440734566        8.4771290257969483        7.2393165389671124        7.2393165389671124        7.2393165389671124     
   14.621152533979711        4.8530020605791258        1.0337851072971240        4.9692103526438700        16.753198082370368        16.753198082370368        16.753198082370368        4.6620390116049890        17.599290135681620        5.4256312303063012        5.2306044430742560        7.5915380834507467        7.5915380834507467        7.5915380834507467     
  -3.1944502271100035       -2.9649691436360115       -2.0609614139067389        8.8446066944001700E-002   13.356217808561183        13.356217808561183        13.356217808561183       -1.6467947872909292       -4.2898629239797259       -2.7429888461844953       -2.6391802397740278       -3.3214860535856019       -3.3214860535856019       -3.3214860535856019     
  -21.702169755238970        3.3405149373236185      -0.63974175564030134       -21.223458567886851        21.400165323949523        21.400165323949523        21.400165323949523        1.0941687475347948       -31.211728374748439        1.1523551178329114       0.97330587177626171       -3.1224532713647051       -3.1224532713647051       -3.1224532713647051     
  -18.758602417418999       -20.167368398855317        5.6355525039254815       -7.3092311045396201        20.286850403091975        20.286850403091975        20.286850403091975       -8.5514662625257358        9.5461330933672315       -15.538975242755740       -17.021652513020328       -16.647558399445089       -16.647558399445089       -16.647558399445089     
   87.097345321213425        22.611472193199432        14.097649245804291        77.654659424900927        23.698064704245454        23.698064704245454        23.698064704245454        50.493452274293162        33.295343483476515        19.836652343617203        24.735593985566652        22.796557478470973        22.796557478470973        22.796557478470973     

  0.21344494693939714       0.16601501334928201       0.55953836446169580       0.61697557708343242       0.65333969245814927       0.65333969245814927       0.65333969245814927       0.17908120208235304       0.19199649286564963       0.19162772032414641       0.17514175763689488       0.17003816293828375       0.17003816293828375       0.17003816293828375     
 -0.29283072653088138      -0.32344899367607721       -5.8174523123488697E-003  0.36352667810489714       0.87084491460086211       0.87084491460086211       0.87084491460086211      -0.31784789168987715      -0.30719265340173751      -0.30793604209669601      -0.31882046475706777      -0.32197867092548116      -0.32197867092548116      -0.32197867092548116     
   11.721685967047122        11.993334329950473        9.7650947738086895        11.945919289966920        10.368727646718863        10.368727646718863        10.368727646718863        11.648000812503973        11.875353765299504        11.576425897605276        11.096219658227374        10.930893745238322        10.930893745238322        10.930893745238322     
   9.4887463762714788        7.1865090052211222        2.2125777753395539        10.277837662325091        2.5171676756659700        2.5171676756659700        2.5171676756659700        9.7706987832830379        8.2172251147391542        8.7319998376437020        5.4440465746739193        5.6716060171451694        5.6716060171451694        5.6716060171451694     
  -3.5325839133122727       -2.5128940305437695       -2.2279885058874953       0.10050285529599279       -1.2325868868764047       -1.2325868868764047       -1.2325868868764047       -3.1504171414878925       -3.1572352776888977       -3.1900273115099509       -2.6457773040529204       -2.5337706406506584       -2.5337706406506584       -2.5337706406506584     
   12.500910803250932        13.407373532765575        3.4097787519741161       -12.408863713369612      -0.93315342466759432      -0.93315342466759432      -0.93315342466759432        10.036270452201052        13.756108639345385        11.553154275124868        17.722875054035725        15.263623471940591        15.263623471940591        15.263623471940591     
  -6.6869942870796422        8.4178638815151317        6.3211165131277340       -15.517740309694304       -1.7550659613782500       -1.7550659613782500       -1.7550659613782500       -2.1109184930948004        7.7029221429573340        2.1553962349205591        3.3675159737120168        8.0253594140802136        8.0253594140802136        8.0253594140802136     
  -39.625887407096947       -52.945273117405115       -23.440600374290767        9.8340354502447695       -3.2036006392306007       -3.2036006392306007       -3.2036006392306007       -39.426793294943870       -63.662379748059216       -49.630787504137537       -63.270984369142795       -67.888487872626030       -67.888487872626030       -67.888487872626030     

  0.22014632451307070       0.14540852895261386       0.28468382509400159       0.45893180170482256       0.49986777970153334       0.49986777970153334       0.49986777970153334       0.15473535326225726       0.17733945924717784       0.24585762940531461       0.20151974531215222       0.11103816863276932       0.11103816863276932       0.11103816863276932     
 -0.27428805514600774      -0.32044494483040298      -0.15029815306745686       0.49757040105425276       0.95461371840233666       0.95461371840233666       0.95461371840233666      -0.32797380447670155      -0.30999321094073112      -0.27464133192800821      -0.29561036062527790      -0.35967186449087835      -0.35967186449087835      -0.35967186449087835     
   11.995782355612894        11.352807820807556        10.369494623633067        11.366930111382652        10.492096567282390        10.492096567282390        10.492096567282390        11.787371039615371        11.855869228922813        11.908205401342514        11.456381373716168        11.197696419440751        11.197696419440751        11.197696419440751     
   10.962216077008822        4.2635871304239394        5.4322528905885150        2.7656997012922098        2.9064291977487144        2.9064291977487144        2.9064291977487144        14.105730499932328        15.603113544993576        32.081327649636549        17.372688555179401       -11.510356572024881       -11.510356572024881       -11.510356572024881     
  -4.6429239201232022       -2.7658575564185739       -3.1549277579063357        1.6857998607281814       -1.0619524433923218       -1.0619524433923218       -1.0619524433923218       -4.2648779322203580       -4.7606438953222536       -7.0393818958962271       -5.3097736321928721      -0.77841879568700989      -0.77841879568700989      -0.77841879568700989     
   1.0638592452056344        5.5080740111628046       -5.8467390185925439       -16.409125074531232      -0.11808523706864094      -0.11808523706864094      -0.11808523706864094       -9.5536463261665716       -10.249067171405983       -57.522831414575712       -12.686553810106545        53.304259375406247        53.304259375406247        53.304259375406247     
  -2.9131306932655434        2.0325562448621355        17.383038446484846       -13.147673451531276      -0.12686751448859468      -0.12686751448859468      -0.12686751448859468       -20.615010220461215       -23.381318312264398        21.024025517457446       -22.707293362785364       -39.513073610536729       -39.513073610536729       -39.513073610536729     
  -19.918528580994945       -12.047211967513746       -17.901641141247126        46.674102235992251       -6.8787890602735047E-002  -6.8787890602735047E-002  -6.8787890602735047E-002   42.167117690612656        41.723766719535348        40.194869011350733        38.393969436264541       -19.842949991757834       -19.842949991757834       -19.842949991757834     

   1.6179543325016952        1.1618899220846994       0.91342917259530709       0.64014539773026513       0.42950682514331839       0.42950682514331839       0.42950682514331839        2.5370573259494669        3.3391989700419513        3.4914241683743845        3.5977122016203085        3.5738115664567598        3.5738115664567598        3.5738115664567598     
 -0.42656901086729965      -0.47749602515050865      -0.51607841438664481      -0.46349696344727842       -6.8140240837104127E-002  -6.8140240837104127E-002  -6.8140240837104127E-002 -0.37161628002503266      -0.34034300613557739      -0.33516801689386128      -0.33245951666146650      -0.33355489079617689      -0.33355489079617689      -0.33355489079617689     
   9.4466107149773322        7.2558393813917208        7.9348943964510497        6.9356906421262696        7.1270279379919508        7.1270279379919508        7.1270279379919508        11.325418997795008        11.820561234634393        11.990891724887218        11.968645198476514        11.996069501691707        11.996069501691707        11.996069501691707     
   1.3587776841994597        2.8460974172551587        1.6567125380185850      -0.28852434502576685        11.075693615653684        11.075693615653684        11.075693615653684        19.542708705790425        37.386918207093977        37.831175154569380        38.941533130406910        38.676540483269477        38.676540483269477        38.676540483269477     
  -2.7947260909293234       -2.1572997084192664       -1.4429107343212451       0.40095474493121941       -3.7434632708051652       -3.7434632708051652       -3.7434632708051652       -5.4242233852999320       -7.3873552194453254       -7.5330668430015422       -7.7253892846095340       -7.7043886096572223       -7.7043886096572223       -7.7043886096572223     
   29.301246049670667       -1.9470240536706456      -0.84598924291441335       -4.9114437503089619        7.8253419440442258        7.8253419440442258        7.8253419440442258       -18.959888447903950       -89.960522051476715       -88.399929409062892       -89.875782861329924       -88.128565771703151       -88.128565771703151       -88.128565771703151     
  -85.485459661054335        3.1360358645959678        1.5767592225571292        3.4437158713471945       -19.222919626086835       -19.222919626086835       -19.222919626086835       -39.699473491014970        87.563975478215752        78.960369995270042        75.654973343942828        71.344854268603200        71.344854268603200        71.344854268603200     
   82.730388529269618       0.12400567033013488        5.8040641601214560        8.1599827369163620        10.264000277692830        10.264000277692830        10.264000277692830        86.498884281672019        2.5295758158562762        12.581148684136807        18.504843002834122        22.111072386840775        22.111072386840775        22.111072386840775     

   9.2465866297747584E-002  0.17061783382230286       0.82252259001220240       0.47173969680632855       0.44370146739742827       0.44370146739742827       0.44370146739742827       0.10015682061463782       0.11117075152514652       0.10561382150810650       0.11012982364289306       0.13335148918995732       0.13335148918995732       0.13335148918995732     
 -0.37264716394851233      -0.27125590821817436       0.13800575523737391       0.63540356657040453        1.0415207604320402        1.0415207604320402        1.0415207604320402      -0.36112760962653656      -0.34549143682169520      -0.35142050253342999      -0.34686369910640735      -0.32801144359764700      -0.32801144359764700      -0.32801144359764700     
   11.554406658136529        11.984768591094273        11.993674925648882        11.986755737629951        10.648236093029976        10.648236093029976        10.648236093029976        11.901647092884701        11.998941177695524        11.667405914620641        11.980368882950554        11.997439791567272        11.997439791567272        11.997439791567272     
   6.3997243786282532        8.3238943652012765        2.2589175320420054        3.5266683137865584        2.8696866791228608        2.8696866791228608        2.8696866791228608        7.7413017456465099        7.4232459357464862        3.5221048917708195        3.8790874972558740        16.300292854891580        16.300292854891580        16.300292854891580     
  -3.4132468970124066       -4.6024516388201420       -4.0744189850951429       0.32604049957572556       -1.0917325153759307       -1.0917325153759307       -1.0917325153759307       -3.7085472336443175       -3.8061352577776049       -3.3496332226410743       -3.4351862192675640       -5.3397476810104223       -5.3397476810104223       -5.3397476810104223     
   3.8200032540827067        8.6531935510259359        8.0014103487459636       -16.902439842203151      -0.21547444990464726      -0.21547444990464726      -0.21547444990464726        2.0348851445292269       -2.9287708096601506        8.2958228457124079        5.7621015776060602       -7.3132795751979103       -7.3132795751979103       -7.3132795751979103     
  -26.132845226707879       -34.456390517119672        10.299864757353646       -14.515549103109464      -0.32164443239915386      -0.32164443239915386      -0.32164443239915386       -24.094783815457035        9.6382398828571354       -2.1976623388877670        3.2329503470540004       -53.426015004240092       -53.426015004240092       -53.426015004240092     
   36.910396880307033        27.745212134771180       -30.774617139189587        56.013951736909405      -0.46932255027216740      -0.46932255027216740      -0.46932255027216740        33.057544763677825       -12.580045513470296       -11.526721340844986       -4.9283106705249224        81.819092197525663        81.819092197525663        81.819092197525663     

   6.2302457202114393E-002  0.12790679087337917       0.40597619596811629       0.51578074824559939       -6.5758000691522628E-002  -6.5758000691522628E-002  -6.5758000691522628E-002   6.0664037517370602E-002   6.6196117475582211E-002   8.0702814455095209E-002   6.8927200118889767E-002  0.14037841964597361       0.14037841964597361       0.14037841964597361     
 -0.38274563465918771      -0.24528604656152797       0.14040246417300273        1.3467949025477257        1.3510553146617414        1.3510553146617414        1.3510553146617414      -0.38610834895555762      -0.37258763955704122      -0.35096848696241112      -0.37009124861725645      -0.29210993832989074      -0.29210993832989074      -0.29210993832989074     
   11.498892480015517        11.985000718504423        11.976389154688196        11.539771761960957        11.338170311892632        11.338170311892632        11.338170311892632        11.601300673544889        11.991050610986331        11.997826381121433        11.963411741847388        11.806716469488070        11.806716469488070        11.806716469488070     
   8.0635396080759776        5.7757784800115459        1.0759737155703064        7.4056985961220967      -0.98707871854333007      -0.98707871854333007      -0.98707871854333007        11.604988255117231        5.6745048270869347        10.682575448346263        7.1035798782069186        39.175719174514008        39.175719174514008        39.175719174514008     
  -4.3403085611569452       -4.6465567949023239       -3.4762671213725227       -6.4992035226069333E-002  -3.7466498173725498       -3.7466498173725498       -3.7466498173725498       -4.4357170967569743       -4.1413590008941554       -5.1567635713233884       -4.4405590165422097       -8.9109338239556592       -8.9109338239556592       -8.9109338239556592     
   6.1945983327937881        10.472065927715562        4.4286668423841888       -10.831658821890343       -7.0061351090080137       -7.0061351090080137       -7.0061351090080137       -19.787702075322713        7.5458047409793494       0.93785664163164029        8.9561928116524854       -64.654747176890439       -64.654747176890439       -64.654747176890439     
  -27.846994132437679       -8.4478080305662928        13.302145127042181       -17.741540725965308       -11.075424327520722       -11.075424327520722       -11.075424327520722        46.852590988519637       0.45337137099075164        1.1796639981970571       -15.028850257222899       -9.5345794910093105       -9.5345794910093105       -9.5345794910093105     
   20.431355315586075       -18.923648013135320       -21.255656107700787        18.712039849998590       -17.354984462132379       -17.354984462132379       -17.354984462132379       -52.562250804815164       -21.942406331723490       -30.411338101029344       -7.2880759382056084        87.509040712458273        87.509040712458273        87.509040712458273     


  0.39721595550446132       0.40336799594046291       0.50026268241988336       0.48849993559707661       0.48625903483464256       0.48625903483464256       0.48625903483464256       0.41184754386755479       0.52252571995235597        1.3046962577272876        1.1984793170110670        1.3412105272225878        1.3412105272225878        1.3412105272225878     
  0.22981973593964056       0.23453100790923842       0.25722533503235590       0.25290663399465996       0.25387716220226508       0.25387716220226508       0.25387716220226508       0.21702697320082320       0.25721831435748754       0.40811222545587089       0.20481206508584004       -1.8128162553631699E-002  -1.8128162553631699E-002  -1.8128162553631699E-002
   5.1246566512954859        5.1755386283712932        5.1857324273361050        5.0984259974733934        5.0160446302621269        5.0160446302621269        5.0160446302621269        4.9865196660959485        5.1549885865780238        4.8883150951577070        4.0129621041031207        4.6565195641341770        4.6565195641341770        4.6565195641341770     
   17.145988657718220        16.664027441241707        17.767887312718507        17.297862800046715        17.509743088278761        17.509743088278761        17.509743088278761        17.614874641272614        17.781005207057831        4.2213481880723265        4.0099678348301566        1.6638408906557238        1.6638408906557238        1.6638408906557238     
   4.8171776470785801        4.9506209241824166        3.3512940277550101        3.5282157351645864        3.5572717948786163        3.5572717948786163        3.5572717948786163        3.6891995162886744        2.8883986415586946        1.1640769829367770      -0.89653869723319701       -1.2876869114701321       -1.2876869114701321       -1.2876869114701321     
  -11.241914852637692       -11.337145113433294       -22.661710793583353       -22.251251135182031       -22.787938866977527       -22.787938866977527       -22.787938866977527       -9.2047550617429579       -21.815767575691780       -2.6436716628595036       -1.4304574275428195E-002   4.3039565347982602        4.3039565347982602        4.3039565347982602     
  -30.316501005704026       -28.992380238786062       -3.0687870975607296       -3.2583913457979747       -5.0367958672107278       -5.0367958672107278       -5.0367958672107278       -33.576037787326328       -5.8018771058898295       -6.2634460774531959      -0.37088047241873312       -3.4222276690616127       -3.4222276690616127       -3.4222276690616127     
   57.458794994904281        57.901429706267095        35.145367716927169        33.622103619399738        34.050152292641343        34.050152292641343        34.050152292641343        52.501227101551251        35.991131431091020        10.902254719716055       -3.1033945164220142        2.7237433289399320        2.7237433289399320        2.7237433289399320     

  0.89696242574999840       0.93031670369637287       0.64144108540027500       0.64234974399988154       0.67380986194766546       0.67380986194766546       0.67380986194766546       0.81565409767846719       0.69320945460374372       0.62652826780197779       0.61317648971597838       0.63977837180749431       0.63977837180749431       0.63977837180749431     
  0.40558695470890327       0.40887442177056754       0.32178651826669591       0.31974015402730926       0.32623304776216355       0.32623304776216355       0.32623304776216355       0.37218886093145986       0.34175431868901973       0.24743673457514737       0.27707393640535871       0.30938590406831801       0.30938590406831801       0.30938590406831801     
   4.7529665391905773        4.8407013142304400        5.3113789469995636        5.3032681446453740        5.2056456259177271        5.2056456259177271        5.2056456259177271        4.6814779894518264        4.5823381374973877        4.9311666801449974        5.1351536313542896        6.4402894130908379        6.4402894130908379        6.4402894130908379     
  -4.2786209667875017       -4.0268049405277928        2.1274400533672484        2.1210959316676643        2.4237296402168518        2.4237296402168518        2.4237296402168518       -2.5297022481942832       -1.8020142743690428        3.6385700612436871        4.3955359643370713       0.46849264103988730       0.46849264103988730       0.46849264103988730     
   1.3497127941258782        1.1432752799277210       0.62647285337819625       0.59086716262306993       0.36994767586918442       0.36994767586918442       0.36994767586918442       0.97351454190034303        1.2455497640666238      -0.75387311843172000      -0.61467502298994958        1.7236344557748566        1.7236344557748566        1.7236344557748566     
   1.6923757620699575        2.5453377087909388        1.1059216747458294        1.1677036785538917       0.34463967647316451       0.34463967647316451       0.34463967647316451        1.6568223915522111      -0.29507268608894321        2.1555540931535546        2.0561795375316620        5.9333002259218404        5.9333002259218404        5.9333002259218404     
   18.664433342805310        17.157393147315787      -0.43916271678104124      -0.37472199375046955       0.15344751555846869       0.15344751555846869       0.15344751555846869        12.900224328917176        13.278302284497812       0.71233065883573943        6.4165961483411138E-002   1.3412637581067628        1.3412637581067628        1.3412637581067628     
  -22.902653159086881       -22.220081832275682       -3.7138683629620175       -3.8089859677360351       -4.1547913710708144       -4.1547913710708144       -4.1547913710708144       -17.974093819365535       -17.225522187637111       -9.7556766020656625       -9.6884440807937438       -3.3768414063864185       -3.3768414063864185       -3.3768414063864185     

  0.13927627640912343       0.20582632638914689       0.17291902113836952       0.16944474849209507       0.18764928566173122       0.18764928566173122       0.18764928566173122       0.15794829059366600       0.21384211585502330       0.53734901334060170       0.56300575232157191       0.18060723492827924       0.18060723492827924       0.18060723492827924     
 -0.34632954867396581      -0.30138146931213572      -0.32010005422982829      -0.32264271169823000      -0.31144366728842293      -0.31144366728842293      -0.31144366728842293      -0.33632721617660349      -0.27874708828633044       -1.9182211752685308E-002  0.27543765517022512        1.0978536119836526        1.0978536119836526        1.0978536119836526     
   11.969867420404920        9.6364554273811542        8.4147674440734566        8.4771290257969483        7.2393165389671124        7.2393165389671124        7.2393165389671124        11.038393407392853        7.9408919833434846        11.335159773853881        11.960301829657908        11.851270933711906        11.851270933711906        11.851270933711906     
   4.6620390116049890        17.599290135681620        5.4256312303063012        5.2306044430742560        7.5915380834507467        7.5915380834507467        7.5915380834507467        14.621152533979711        4.8530020605791258        1.0337851072971240        4.9692103526438700        16.753198082370368        16.753198082370368        16.753198082370368     
  -1.6467947872909292       -4.2898629239797259       -2.7429888461844953       -2.6391802397740278       -3.3214860535856019       -3.3214860535856019       -3.3214860535856019       -3.1944502271100035       -2.9649691436360115       -2.0609614139067389        8.8446066944001700E-002   13.356217808561183        13.356217808561183        13.356217808561183     
   1.0941687475347948       -31.211728374748439        1.1523551178329114       0.97330587177626171       -3.1224532713647051       -3.1224532713647051       -3.1224532713647051       -21.702169755238970        3.3405149373236185      -0.63974175564030134       -21.223458567886851        21.400165323949523        21.400165323949523        21.400165323949523     
  -8.5514662625257358        9.5461330933672315       -15.538975242755740       -17.021652513020328       -16.647558399445089       -16.647558399445089       -16.647558399445089       -18.758602417418999       -20.167368398855317        5.6355525039254815       -7.3092311045396201        20.286850403091975        20.286850403091975        20.286850403091975     
   50.493452274293162        33.295343483476515        19.836652343617203        24.735593985566652        22.796557478470973        22.796557478470973        22.796557478470973        87.097345321213425        22.611472193199432        14.097649245804291        77.654659424900927        23.698064704245454        23.698064704245454        23.698064704245454     

  0.17908120208235304       0.19199649286564963       0.19162772032414641       0.17514175763689488       0.17003816293828375       0.17003816293828375       0.17003816293828375       0.21344494693939714       0.16601501334928201       0.55953836446169580       0.61697557708343242       0.65333969245814927       0.65333969245814927       0.65333969245814927     
 -0.31784789168987715      -0.30719265340173751      -0.30793604209669601      -0.31882046475706777      -0.32197867092548116      -0.32197867092548116      -0.32197867092548116      -0.29283072653088138      -0.32344899367607721       -5.8174523123488697E-003  0.36352667810489714       0.87084491460086211       0.87084491460086211       0.87084491460086211     
   11.648000812503973        11.875353765299504        11.576425897605276        11.096219658227374        10.930893745238322        10.930893745238322        10.930893745238322        11.721685967047122        11.993334329950473        9.7650947738086895        11.945919289966920        10.368727646718863        10.368727646718863        10.368727646718863     
   9.7706987832830379        8.2172251147391542        8.7319998376437020        5.4440465746739193        5.6716060171451694        5.6716060171451694        5.6716060171451694        9.4887463762714788        7.1865090052211222        2.2125777753395539        10.277837662325091        2.5171676756659700        2.5171676756659700        2.5171676756659700     
  -3.1504171414878925       -3.1572352776888977       -3.1900273115099509       -2.6457773040529204       -2.5337706406506584       -2.5337706406506584       -2.5337706406506584       -3.5325839133122727       -2.5128940305437695       -2.2279885058874953       0.10050285529599279       -1.2325868868764047       -1.2325868868764047       -1.2325868868764047     
   10.036270452201052        13.756108639345385        11.553154275124868        17.722875054035725        15.263623471940591        15.263623471940591        15.263623471940591        12.500910803250932        13.407373532765575        3.4097787519741161       -12.408863713369612      -0.93315342466759432      -0.93315342466759432      -0.93315342466759432     
  -2.1109184930948004        7.7029221429573340        2.1553962349205591        3.3675159737120168        8.0253594140802136        8.0253594140802136        8.0253594140802136       -6.6869942870796422        8.4178638815151317        6.3211165131277340       -15.517740309694304       -1.7550659613782500       -1.7550659613782500       -1.7550659613782500     
  -39.426793294943870       -63.662379748059216       -49.630787504137537       -63.270984369142795       -67.888487872626030       -67.888487872626030       -67.888487872626030       -39.625887407096947       -52.945273117405115       -23.440600374290767        9.8340354502447695       -3.2036006392306007       -3.2036006392306007       -3.2036006392306007     

  0.15473535326225726       0.17733945924717784       0.24585762940531461       0.20151974531215222       0.11103816863276932       0.11103816863276932       0.11103816863276932       0.22014632451307070       0.14540852895261386       0.28468382509400159       0.45893180170482256       0.49986777970153334       0.49986777970153334       0.49986777970153334     
 -0.32797380447670155      -0.30999321094073112      -0.27464133192800821      -0.29561036062527790      -0.35967186449087835      -0.35967186449087835      -0.35967186449087835      -0.27428805514600774      -0.32044494483040298      -0.15029815306745686       0.49757040105425276       0.95461371840233666       0.95461371840233666       0.95461371840233666     
   11.787371039615371        11.855869228922813        11.908205401342514        11.456381373716168        11.197696419440751        11.197696419440751        11.197696419440751        11.995782355612894        11.352807820807556        10.369494623633067        11.366930111382652        10.492096567282390        10.492096567282390        10.492096567282390     
   14.105730499932328        15.603113544993576        32.081327649636549        17.372688555179401       -11.510356572024881       -11.510356572024881       -11.510356572024881        10.962216077008822        4.2635871304239394        5.4322528905885150        2.7656997012922098        2.9064291977487144        2.9064291977487144        2.9064291977487144     
  -4.2648779322203580       -4.7606438953222536       -7.0393818958962271       -5.3097736321928721      -0.77841879568700989      -0.77841879568700989      -0.77841879568700989       -4.6429239201232022       -2.7658575564185739       -3.1549277579063357        1.6857998607281814       -1.0619524433923218       -1.0619524433923218       -1.0619524433923218     
  -9.5536463261665716       -10.249067171405983       -57.522831414575712       -12.686553810106545        53.304259375406247        53.304259375406247        53.304259375406247        1.0638592452056344        5.5080740111628046       -5.8467390185925439       -16.409125074531232      -0.11808523706864094      -0.11808523706864094      -0.11808523706864094     
  -20.615010220461215       -23.381318312264398        21.024025517457446       -22.707293362785364       -39.513073610536729       -39.513073610536729       -39.513073610536729       -2.9131306932655434        2.0325562448621355        17.383038446484846       -13.147673451531276      -0.12686751448859468      -0.12686751448859468      -0.12686751448859468     
   42.167117690612656        41.723766719535348        40.194869011350733        38.393969436264541       -19.842949991757834       -19.842949991757834       -19.842949991757834       -19.918528580994945       -12.047211967513746       -17.901641141247126        46.674102235992251       -6.8787890602735047E-002  -6.8787890602735047E-002  -6.8787890602735047E-002

   2.5370573259494669        3.3391989700419513        3.4914241683743845        3.5977122016203085        3.5738115664567598        3.5738115664567598        3.5738115664567598        1.6179543325016952        1.1618899220846994       0.91342917259530709       0.64014539773026513       0.42950682514331839       0.42950682514331839       0.42950682514331839     
 -0.37161628002503266      -0.34034300613557739      -0.33516801689386128      -0.33245951666146650      -0.33355489079617689      -0.33355489079617689      -0.33355489079617689      -0.42656901086729965      -0.47749602515050865      -0.51607841438664481      -0.46349696344727842       -6.8140240837104127E-002  -6.8140240837104127E-002  -6.8140240837104127E-002
   11.325418997795008        11.820561234634393        11.990891724887218        11.968645198476514        11.996069501691707        11.996069501691707        11.996069501691707        9.4466107149773322        7.2558393813917208        7.9348943964510497        6.9356906421262696        7.1270279379919508        7.1270279379919508        7.1270279379919508     
   19.542708705790425        37.386918207093977        37.831175154569380        38.941533130406910        38.676540483269477        38.676540483269477        38.676540483269477        1.3587776841994597        2.8460974172551587        1.6567125380185850      -0.28852434502576685        11.075693615653684        11.075693615653684        11.075693615653684     
  -5.4242233852999320       -7.3873552194453254       -7.5330668430015422       -7.7253892846095340       -7.7043886096572223       -7.7043886096572223       -7.7043886096572223       -2.7947260909293234       -2.1572997084192664       -1.4429107343212451       0.40095474493121941       -3.7434632708051652       -3.7434632708051652       -3.7434632708051652     
  -18.959888447903950       -89.960522051476715       -88.399929409062892       -89.875782861329924       -88.128565771703151       -88.128565771703151       -88.128565771703151        29.301246049670667       -1.9470240536706456      -0.84598924291441335       -4.9114437503089619        7.8253419440442258        7.8253419440442258        7.8253419440442258     
  -39.699473491014970        87.563975478215752        78.960369995270042        75.654973343942828        71.344854268603200        71.344854268603200        71.344854268603200       -85.485459661054335        3.1360358645959678        1.5767592225571292        3.4437158713471945       -19.222919626086835       -19.222919626086835       -19.222919626086835     
   86.498884281672019        2.5295758158562762        12.581148684136807        18.504843002834122        22.111072386840775        22.111072386840775        22.111072386840775        82.730388529269618       0.12400567033013488        5.8040641601214560        8.1599827369163620        10.264000277692830        10.264000277692830        10.264000277692830     

  0.10015682061463782       0.11117075152514652       0.10561382150810650       0.11012982364289306       0.13335148918995732       0.13335148918995732       0.13335148918995732        9.2465866297747584E-002  0.17061783382230286       0.82252259001220240       0.47173969680632855       0.44370146739742827       0.44370146739742827       0.44370146739742827     
 -0.36112760962653656      -0.34549143682169520      -0.35142050253342999      -0.34686369910640735      -0.32801144359764700      -0.32801144359764700      -0.32801144359764700      -0.37264716394851233      -0.27125590821817436       0.13800575523737391       0.63540356657040453        1.0415207604320402        1.0415207604320402        1.0415207604320402     
   11.901647092884701        11.998941177695524        11.667405914620641        11.980368882950554        11.997439791567272        11.997439791567272        11.997439791567272        11.554406658136529        11.984768591094273        11.993674925648882        11.986755737629951        10.648236093029976        10.648236093029976        10.648236093029976     
   7.7413017456465099        7.4232459357464862        3.5221048917708195        3.8790874972558740        16.300292854891580        16.300292854891580        16.300292854891580        6.3997243786282532        8.3238943652012765        2.2589175320420054        3.5266683137865584        2.8696866791228608        2.8696866791228608        2.8696866791228608     
  -3.7085472336443175       -3.8061352577776049       -3.3496332226410743       -3.4351862192675640       -5.3397476810104223       -5.3397476810104223       -5.3397476810104223       -3.4132468970124066       -4.6024516388201420       -4.0744189850951429       0.32604049957572556       -1.0917325153759307       -1.0917325153759307       -1.0917325153759307     
   2.0348851445292269       -2.9287708096601506        8.2958228457124079        5.7621015776060602       -7.3132795751979103       -7.3132795751979103       -7.3132795751979103        3.8200032540827067        8.6531935510259359        8.0014103487459636       -16.902439842203151      -0.21547444990464726      -0.21547444990464726      -0.21547444990464726     
  -24.094783815457035        9.6382398828571354       -2.1976623388877670        3.2329503470540004       -53.426015004240092       -53.426015004240092       -53.426015004240092       -26.132845226707879       -34.456390517119672        10.299864757353646       -14.515549103109464      -0.32164443239915386      -0.32164443239915386      -0.32164443239915386     
   33.057544763677825       -12.580045513470296       -11.526721340844986       -4.9283106705249224        81.819092197525663        81.819092197525663        81.819092197525663        36.910396880307033        27.745212134771180       -30.774617139189587        56.013951736909405      -0.46932255027216740      -0.46932255027216740      -0.46932255027216740     

   6.0664037517370602E-002   6.6196117475582211E-002   8.0702814455095209E-002   6.8927200118889767E-002  0.14037841964597361       0.14037841964597361       0.14037841964597361        6.2302457202114393E-002  0.12790679087337917       0.40597619596811629       0.51578074824559939       -6.5758000691522628E-002  -6.5758000691522628E-002  -6.5758000691522628E-002
 -0.38610834895555762      -0.37258763955704122      -0.35096848696241112      -0.37009124861725645      -0.29210993832989074      -0.29210993832989074      -0.29210993832989074      -0.38274563465918771      -0.24528604656152797       0.14040246417300273        1.3467949025477257        1.3510553146617414        1.3510553146617414        1.3510553146617414     
   11.601300673544889        11.991050610986331        11.997826381121433        11.963411741847388        11.806716469488070        11.806716469488070        11.806716469488070        11.498892480015517        11.985000718504423        11.976389154688196        11.539771761960957        11.338170311892632        11.338170311892632        11.338170311892632     
   11.604988255117231        5.6745048270869347        10.682575448346263        7.1035798782069186        39.175719174514008        39.175719174514008        39.175719174514008        8.0635396080759776        5.7757784800115459        1.0759737155703064        7.4056985961220967      -0.98707871854333007      -0.98707871854333007      -0.98707871854333007     
  -4.4357170967569743       -4.1413590008941554       -5.1567635713233884       -4.4405590165422097       -8.9109338239556592       -8.9109338239556592       -8.9109338239556592       -4.3403085611569452       -4.6465567949023239       -3.4762671213725227       -6.4992035226069333E-002  -3.7466498173725498       -3.7466498173725498       -3.7466498173725498     
  -19.787702075322713        7.5458047409793494       0.93785664163164029        8.9561928116524854       -64.654747176890439       -64.654747176890439       -64.654747176890439        6.1945983327937881        10.472065927715562        4.4286668423841888       -10.831658821890343       -7.0061351090080137       -7.0061351090080137       -7.0061351090080137     
   46.852590988519637       0.45337137099075164        1.1796639981970571       -15.028850257222899       -9.5345794910093105       -9.5345794910093105       -9.5345794910093105       -27.846994132437679       -8.4478080305662928        13.302145127042181       -17.741540725965308       -11.075424327520722       -11.075424327520722       -11.075424327520722     
  -52.562250804815164       -21.942406331723490       -30.411338101029344       -7.2880759382056084        87.509040712458273        87.509040712458273        87.509040712458273        20.431355315586075       -18.923648013135320       -21.255656107700787        18.712039849998590       -17.354984462132379       -17.354984462132379       -17.354984462132379     
