 x_max:    1.8906249999999999E-004
 mu_F:    76.143522377153019     
 pdf_label:          82

 Parameters:
  0.40726796416040917       0.53258085569357960        1.2569354731760471        1.1494446500769722        1.7974170250284638        1.7974170250284638        1.7974170250284638       0.41602942642011226       0.39491923973636245       0.49538173971583649       0.51772266391911148       0.52340556539576044       0.52340556539576044       0.52340556539576044     
  0.21641715399324490       0.25976453852182835       0.38938418911816086       0.29896766932118313       0.12446624327496913       0.12446624327496913       0.12446624327496913       0.24207535022806081       0.22973821031089581       0.25640840319597435       0.26210409034198534       0.26292561344282905       0.26292561344282905       0.26292561344282905     
   4.9569633413243190        5.0412473839606209        4.7522249657152740        4.2109842398966588        4.6927108307206247        4.6927108307206247        4.6927108307206247        5.2391709273162039        5.2290343095698422        5.2045360685594240        5.0866035121510338        5.0801676410272432        5.0801676410272432        5.0801676410272432     
   16.346002658815344        15.453264373088473        4.6592555213438764        4.6061651351284247        2.4824994228356267        2.4824994228356267        2.4824994228356267        15.507222964797570        16.164916339405160        17.715487005000256        14.830643166607217        14.624631202541899        14.624631202541899        14.624631202541899     
   4.0491254388438307        3.1086766816840878       0.93646418100649953        8.0442880694924668E-002  -1.2691065348379880       -1.2691065348379880       -1.2691065348379880        5.1711424445954322        5.1438872916809544        3.4930487662641383        3.5388995776774763        3.4845438651520340        3.4845438651520340        3.4845438651520340     
  -8.6794826497339272       -18.553736991115457       -2.7210850468055838       -1.4697528350456395       0.49670086484199771       0.49670086484199771       0.49670086484199771       -11.406158424602381       -9.8878049473293999       -23.108819181762755       -16.753155917798878       -16.302083095290712       -16.302083095290712       -16.302083095290712     
  -31.423251162630095       -6.4346884236814219       -7.0019061262938038       -5.3008080251744900      -0.32036442846785462      -0.32036442846785462      -0.32036442846785462       -27.827475069847068       -30.181663684931394       -3.7624950708165983       -9.5176319129586489       -10.112418301233305       -10.112418301233305       -10.112418301233305     
   48.555686628094236        30.012550425771437        9.9997423378815000        3.5640849860159562        1.4903025187027197        1.4903025187027197        1.4903025187027197        58.456802316054080        58.879763797705351        36.673116527673457        33.754661335128887        34.038822607104265        34.038822607104265        34.038822607104265     

  0.78507973571843459       0.71304685888823527       0.63822777992665547       0.61134225309281653       0.61453682710235402       0.61453682710235402       0.61453682710235402       0.90340625697068067       0.91429139149623451       0.62622726365625991       0.67455753453787959       0.66759875646562494       0.66759875646562494       0.66759875646562494     
  0.36540324995040052       0.34759763962946311       0.25036033791525414       0.26898708576786112       0.18110813937039494       0.18110813937039494       0.18110813937039494       0.40409290067511905       0.40952094668693628       0.31510070416810176       0.32574992410710180       0.32483034901049979       0.32483034901049979       0.32483034901049979     
   4.7656980564967490        4.7728491736278293        4.9513990859513637        5.0859987506501625        6.2908667147793889        6.2908667147793889        6.2908667147793889        4.4869537890968711        4.8286423865964831        5.3089656573395665        5.2074831193072999        5.2258936391387092        5.2258936391387092        5.2258936391387092     
  -2.6413832711767427       -1.8310807131003664        3.6590436386260308        4.2843091907512374      -0.27836337622006369      -0.27836337622006369      -0.27836337622006369       -3.5159381301568686       -5.2153257921542373        2.3265248435941253        2.3827307645094962        2.1819991351499581        2.1819991351499581        2.1819991351499581     
   1.1229236366300555        1.2185357351078068      -0.79114255294607716      -0.64787779348820607        1.5884660077256854        1.5884660077256854        1.5884660077256854        1.0901872418434166        1.4878025264513255       0.61228539278300786       0.36460937247299796       0.43883926658678263       0.43883926658678263       0.43883926658678263     
   1.2551948032420910       -5.0684282215598842E-002   1.8964143147764929        1.8694111121306065        4.8012532571035393        4.8012532571035393        4.8012532571035393        1.3958517129808854        2.8381990802910195       0.99130367802230523       0.26914826032867722       0.61431624158208820       0.61431624158208820       0.61431624158208820     
   14.082513508296969        14.007785478293684       0.70730634013753502       -8.0009132265004723E-002  0.54907871317654156       0.54907871317654156       0.54907871317654156        13.617961456168061        20.004340392598550       -1.1559560318389828        2.6501043303795768E-002  -9.9418367163792709E-002  -9.9418367163792709E-002  -9.9418367163792709E-002
  -18.720917201300239       -18.073147286010837       -9.4142577043497937       -9.3220061489043076       -1.3090554919307920       -1.3090554919307920       -1.3090554919307920       -17.438059596690181       -25.037943058633545       -3.1098144904893843       -4.0798194995782779       -3.9814107215258758       -3.9814107215258758       -3.9814107215258758     

  0.14496174790910649       0.21320503960106016       0.52935077561571064       0.61285895517198052       0.15792028258824964       0.15792028258824964       0.15792028258824964       0.13919638079324759       0.19584753149607470       0.17332779515570254       0.16528686890083366       0.12281694876759544       0.12281694876759544       0.12281694876759544     
 -0.35086837249906289      -0.28217374175054910       -2.5386620920436420E-002  0.34030964031463196        1.0727791122766241        1.0727791122766241        1.0727791122766241      -0.35027527821185367      -0.31032256908391431      -0.32337776420890507      -0.32863095262640929      -0.35915589231839457      -0.35915589231839457      -0.35915589231839457     
   10.940616918970917        7.6589296342629289        11.368093681172873        11.669337699786812        11.937600705008732        11.937600705008732        11.937600705008732        11.982788561668727        11.360318435814603        8.1697615397635310        9.3698940193885676        7.1326729957336354        7.1326729957336354        7.1326729957336354     
   13.863463466370298        4.6264950806858174        1.0422982963859297        6.3383915139758926        18.646721554202195        18.646721554202195        18.646721554202195        5.0440714987525119        17.630908804403369        5.2675182085659280        4.3149762513531051       -16.451028864390214       -16.451028864390214       -16.451028864390214     
  -2.8784380234095579       -2.9894878625753094       -2.0748563915354410      -0.37008977399161580        13.411744249900806        13.411744249900806        13.411744249900806       -1.7463782061911033       -4.0850026256218683       -2.7776347012874467       -2.3987294426960801       0.37918541617622026       0.37918541617622026       0.37918541617622026     
  -24.216259865709389        3.5277008187892278      -0.56224075901279491       -19.054235317177557        23.224830833262729        23.224830833262729        23.224830833262729       0.88684942862631999       -25.132226562776779       0.43496712370118473        1.2774504619566756        57.570326569014213        57.570326569014213        57.570326569014213     
  -6.2794427352629043       -18.781363238420312        5.7251574521337858       -12.376474996192442        24.644302381353455        24.644302381353455        24.644302381353455       -10.495552548282674       -18.313557667157994       -14.266781206286595       -6.8702830687873728       -70.115558286031757       -70.115558286031757       -70.115558286031757     
   74.559815161744496        19.530051124609429        13.779718392897493        70.501619233067686        32.852030380973872        32.852030380973872        32.852030380973872        52.184564724117166        82.867799049721299        21.128179440932371        14.621904700155497        27.142312565474498        27.142312565474498        27.142312565474498     

  0.18895244283468260       0.13452552779991803       0.56130835165042381       0.60810645609301428       0.65815777095691042       0.65815777095691042       0.65815777095691042       0.18005997123942827       0.19226876340363988       0.18926789356827164       0.17329628652110846       0.20443912415788670       0.20443912415788670       0.20443912415788670     
 -0.31450452243040050      -0.35949129895401144       -5.1969389967230217E-003  0.35428985288875348       0.72272627335537565       0.72272627335537565       0.72272627335537565      -0.32074565884364797      -0.31062448212212274      -0.31309468591570999      -0.32382395787716028      -0.30643200713419766      -0.30643200713419766      -0.30643200713419766     
   11.888828296713980        11.368566227725282        9.7419989711599406        11.948220865581298        10.304985058071214        10.304985058071214        10.304985058071214        11.970109386498116        11.941209842105248        11.832355832805279        11.378503906224317        10.667275633903847        10.667275633903847        10.667275633903847     
   12.103857619508609        6.5763850316506911        2.1513310087197404        10.128229488273213        2.5761622989583870        2.5761622989583870        2.5761622989583870        9.6424171504553620        8.3526991242807043        7.8476088892119336        5.9235983216988011        16.824443159504774        16.824443159504774        16.824443159504774     
  -3.5100441066955028       -2.0382667641149226       -2.2354919243703506       0.12025291629824864       -1.1383671175011685       -1.1383671175011685       -1.1383671175011685       -3.2230906895208449       -3.2125959559348871       -3.1069335495777750       -2.6492878865094411       -4.2004247214362209       -4.2004247214362209       -4.2004247214362209     
   3.9238091210151254        12.642060238173102        3.2879668108127049       -12.810116726373749      -0.95737545904979982      -0.95737545904979982      -0.95737545904979982        11.603360370402839        13.862852901485383        14.402225446748872        15.791029754939288       -18.038433478914953       -18.038433478914953       -18.038433478914953     
  -2.4898601710518307        11.060722429114762        6.4802869888131767       -15.547775492469867       -2.0088029412540180       -2.0088029412540180       -2.0088029412540180       -1.0208604266998833        5.9515941867743578        3.5300519055609669        8.5806239173863048        29.362540928138273        29.362540928138273        29.362540928138273     
  -26.392909166437455       -59.929915446473146       -22.920997479615963        11.457722501888952       -3.9461272054436165       -3.9461272054436165       -3.9461272054436165       -42.825467876953617       -61.474852887399145       -56.331361108103494       -65.593743563040320       -48.856983795474356       -48.856983795474356       -48.856983795474356     

  0.20727970565181134       0.13715784654871879       0.29453014228753971       0.40957650083132374       0.50771048612397662       0.50771048612397662       0.50771048612397662       0.17450119440766648       0.17532434526571314       0.17814319610152571       0.16865776823925738       0.15103269934751551       0.15103269934751551       0.15103269934751551     
 -0.29130684393894424      -0.33498267227622736      -0.14673661591674669       0.46035171314214707       0.95313847342551683       0.95313847342551683       0.95313847342551683      -0.31810749959279100      -0.31573344632944594      -0.31401705591611040      -0.31990427217237533      -0.33237921313533253      -0.33237921313533253      -0.33237921313533253     
   11.993020542602512        11.700773936263902        10.321187082969461        11.493000160900568        10.488280429294539        10.488280429294539        10.488280429294539        11.802906537702864        11.409795195260966        11.873746654123874        11.424096766533536        11.932032779232948        11.932032779232948        11.932032779232948     
   16.536283044271535        4.3790605356419654        5.4766124590592717        2.8113193620625445        2.8717075656709916        2.8717075656709916        2.8717075656709916        17.090511231920786        15.839490723779399        14.811441248366407        14.884532080913743        9.7370909990668935        9.7370909990668935        9.7370909990668935     
  -5.1896172003911190       -2.7095690253734688       -3.2394341023794553        1.8342224890049010       -1.0848522556804596       -1.0848522556804596       -1.0848522556804596       -4.9730915451465236       -4.7977007544176189       -4.7367225999526141       -4.3968570115052401       -3.7008141544662934       -3.7008141544662934       -3.7008141544662934     
  -5.8526503158183374        5.7421526278801593       -4.9029022708147920       -16.523772852834938      -0.16357696192926596      -0.16357696192926596      -0.16357696192926596       -10.449504876169996       -11.328857294628932       -6.8164479748423901       -32.412830091185697       -3.0821333844225478       -3.0821333844225478       -3.0821333844225478     
  -46.650352984602392        2.0209884017016861        14.134023662849984       -12.852501636667071      -0.18899380138459776      -0.18899380138459776      -0.18899380138459776       -38.780982963130491       -25.193362918639835       -28.120360151829978        83.615110829408110       -1.3855559041880099       -1.3855559041880099       -1.3855559041880099     
   66.673214601457175       -9.9784649757378929       -15.174428785968445        47.525860195447592      -0.15146019800147315      -0.15146019800147315      -0.15146019800147315        65.102168836676952        44.785689656469430        43.764473172302786       -89.690305064313065        4.8664647192171060        4.8664647192171060        4.8664647192171060     

   1.7538029497183620        1.1342199876238190       0.89564325764811914       0.89300341353905721       0.45693489135227483       0.45693489135227483       0.45693489135227483        2.7748932136185798        3.1682778965599567        3.3602905611519649        3.5155265646684817        3.4420090408830628        3.4420090408830628        3.4420090408830628     
 -0.42175728757679415      -0.48473572285340938      -0.52222006335439397      -0.37003274603839986       -2.9305389686185346E-002  -2.9305389686185346E-002  -2.9305389686185346E-002 -0.36671450338572520      -0.35011537336210186      -0.34356929416882320      -0.33944967906165485      -0.34187884051097289      -0.34187884051097289      -0.34187884051097289     
   9.1805887539638089        8.2530815338896240        7.7768645626016157        8.4998196783423765        7.0934972772106466        7.0934972772106466        7.0934972772106466        11.946713382742512        11.999624573979530        11.996240414266978        11.997441138414544        11.991760409483122        11.991760409483122        11.991760409483122     
   7.8710585827397139        3.3828851785259246        1.0688424271070254       -2.2284335504458035        10.906060911060862        10.906060911060862        10.906060911060862        29.619246455670343        31.322763563002823        34.550002212449947        38.500517999125094        34.241966151427278        34.241966151427278        34.241966151427278     
  -3.6267348497463701       -2.1474486927605554       -1.4174632764641615       0.88639763518286685       -3.8089294700919609       -3.8089294700919609       -3.8089294700919609       -6.4101325288317739       -6.9716460553312984       -7.3079137959507747       -7.7063000917170115       -7.4446330585941141       -7.4446330585941141       -7.4446330585941141     
   2.9720872661151958       -1.1042913693654697       0.32912304950534121       -2.2663067951190214        7.6790592496578824        7.6790592496578824        7.6790592496578824       -62.083101804756154       -53.414209947421043       -70.132397832680994       -87.632916017573834       -60.024768240289987       -60.024768240289987       -60.024768240289987     
  -35.180031244320290       -2.2674028112405011        1.8526581737130954       0.67254750539272834       -19.439412404733105       -19.439412404733105       -19.439412404733105        42.328142803616402       -6.2403330910951240        35.541142475065044        71.465809940745771       -2.8500778877044866       -2.8500778877044866       -2.8500778877044866     
   44.216465355679787        9.0635057844257858        3.1312811555629168        18.569121724545013        9.8800973762441799        9.8800973762441799        9.8800973762441799        32.807351389477375        88.518155505376143        49.203603056879331        20.785369482261842        89.988090016034903        89.988090016034903        89.988090016034903     

  0.12391605335110978       0.16144032112252951       0.90701852123762061       0.50591091542199296       0.44129287001312689       0.44129287001312689       0.44129287001312689       0.10092136803355742       0.10803818369174543       0.10523045234775592       0.10518784632880432       0.11723716990411817       0.11723716990411817       0.11723716990411817     
 -0.33241734795799061      -0.28738807772833308       0.18401189345303903       0.62250117920617742        1.0453042690363441        1.0453042690363441        1.0453042690363441      -0.36339851251123478      -0.35324067010597171      -0.35672218727474497      -0.35717126445684394      -0.34619486431562785      -0.34619486431562785      -0.34619486431562785     
   11.986995579245201        11.996393002159195        11.999250281118764        11.991525988937877        10.657501585614765        10.657501585614765        10.657501585614765        11.642726898865845        11.994247501956785        11.997634067568383        11.539983815006504        11.612842560150144        11.612842560150144        11.612842560150144     
   4.1591933557666252        8.7005372467503719        2.0772809714975153        3.9943783392946273        2.8692825464804379        2.8692825464804379        2.8692825464804379        5.8943723261469039        4.3675124053380792        3.5379850445227703        4.1891916151480686        8.0182398125423475        8.0182398125423475        8.0182398125423475     
  -3.7372352968223836       -4.5998276274255261       -3.8834479054493372        3.6232713540300665E-002  -1.0911957250777888       -1.0911957250777888       -1.0911957250777888       -3.5535567340959204       -3.5044338144123230       -3.3351484074306228       -3.2953000459477408       -4.1649438654552782       -4.1649438654552782       -4.1649438654552782     
   9.8756342862457274        8.2364796916754415        6.4941774277205582       -17.320143722996292      -0.22012532721606703      -0.22012532721606703      -0.22012532721606703        4.1878239473886651        7.4357378343145086        8.6505148376776049       -5.7190367783901479        4.6773621302672836        4.6773621302672836        4.6773621302672836     
   1.6898955677000487       -38.496767811392601        7.7949780694284954       -15.223332395473818      -0.33427609047076601      -0.33427609047076601      -0.33427609047076601       -14.545547004579930        1.7648048025327654        3.1261572603411452        55.564854798429508       -27.905292019462308       -27.905292019462308       -27.905292019462308     
  -29.310327647364069        34.680120257800539       -20.195525648752664        57.609825386544145      -0.49803753365307557      -0.49803753365307557      -0.49803753365307557        17.154235515172417       -20.545621211311172       -25.209067428902827       -79.912781157190878        30.792967529742086        30.792967529742086        30.792967529742086     

   5.5489175872591848E-002  0.11908941913372229       0.44163920366192905       0.51848132286346393       -6.5757117643268276E-002  -6.5757117643268276E-002  -6.5757117643268276E-002   5.4181219210335044E-002   6.3944043660348726E-002   5.5061392066443872E-002   8.6659820713422472E-002   8.1998631632408225E-002   8.1998631632408225E-002   8.1998631632408225E-002
 -0.40658278463496617      -0.26922468619555773       0.13447337231925827        1.3447947649076990        1.3561544138703929        1.3561544138703929        1.3561544138703929      -0.40522253386290197      -0.38349948650140769      -0.39994107427592263      -0.35142487990960969      -0.35825983462934508      -0.35825983462934508      -0.35825983462934508     
   11.984355849650331        11.992403043178482        11.947441881041012        11.531588931650862        11.347408853152093        11.347408853152093        11.347408853152093        11.975467258089077        11.999990061187786        11.966745594458406        11.879840173201229        11.092443851983973        11.092443851983973        11.092443851983973     
   6.7303312703473601        5.5725762446292251        2.2466872739554979        7.4250370371678223      -0.96883434333933494      -0.96883434333933494      -0.96883434333933494        2.8629317897306272        4.7642715052984492        1.6375196666988572        16.446767833879946        17.822318939757949        17.822318939757949        17.822318939757949     
  -3.9129920849791375       -4.6111569077619947       -3.8191476844284438       -4.6564742851749941E-002  -3.9641348227006361       -3.9641348227006361       -3.9641348227006361       -3.3528852695183247       -3.9639957561598749       -2.8963262177249831       -5.8427591420297915       -5.7318637093047045       -5.7318637093047045       -5.7318637093047045     
   6.5886783387128531        10.983983840090403        2.9395162863552429       -10.838098298936629       -6.9980480500188804       -6.9980480500188804       -6.9980480500188804        7.8690836601957841        10.899083767087319        2.9737293892987680       -12.334043048133040       -31.667319202523885       -31.667319202523885       -31.667319202523885     
  -22.347520133137124       -9.8292778327522257        17.938862518449611       -17.818695910995658       -12.027695948424807       -12.027695948424807       -12.027695948424807        8.1437504446457325       -8.3601522943903035        6.8446803464852053       -8.8050226197249657        51.661760870145628        51.661760870145628        51.661760870145628     
   18.785470057740113       -14.072850639822988       -29.544898452591745        18.513988458173415       -15.298302441410996       -15.298302441410996       -15.298302441410996       -20.916675255287601       -14.003450627123954        10.747356910911989        10.472777876308044       -47.417391292002698       -47.417391292002698       -47.417391292002698     


  0.41602942642011226       0.39491923973636245       0.49538173971583649       0.51772266391911148       0.52340556539576044       0.52340556539576044       0.52340556539576044       0.40726796416040917       0.53258085569357960        1.2569354731760471        1.1494446500769722        1.7974170250284638        1.7974170250284638        1.7974170250284638     
  0.24207535022806081       0.22973821031089581       0.25640840319597435       0.26210409034198534       0.26292561344282905       0.26292561344282905       0.26292561344282905       0.21641715399324490       0.25976453852182835       0.38938418911816086       0.29896766932118313       0.12446624327496913       0.12446624327496913       0.12446624327496913     
   5.2391709273162039        5.2290343095698422        5.2045360685594240        5.0866035121510338        5.0801676410272432        5.0801676410272432        5.0801676410272432        4.9569633413243190        5.0412473839606209        4.7522249657152740        4.2109842398966588        4.6927108307206247        4.6927108307206247        4.6927108307206247     
   15.507222964797570        16.164916339405160        17.715487005000256        14.830643166607217        14.624631202541899        14.624631202541899        14.624631202541899        16.346002658815344        15.453264373088473        4.6592555213438764        4.6061651351284247        2.4824994228356267        2.4824994228356267        2.4824994228356267     
   5.1711424445954322        5.1438872916809544        3.4930487662641383        3.5388995776774763        3.4845438651520340        3.4845438651520340        3.4845438651520340        4.0491254388438307        3.1086766816840878       0.93646418100649953        8.0442880694924668E-002  -1.2691065348379880       -1.2691065348379880       -1.2691065348379880     
  -11.406158424602381       -9.8878049473293999       -23.108819181762755       -16.753155917798878       -16.302083095290712       -16.302083095290712       -16.302083095290712       -8.6794826497339272       -18.553736991115457       -2.7210850468055838       -1.4697528350456395       0.49670086484199771       0.49670086484199771       0.49670086484199771     
  -27.827475069847068       -30.181663684931394       -3.7624950708165983       -9.5176319129586489       -10.112418301233305       -10.112418301233305       -10.112418301233305       -31.423251162630095       -6.4346884236814219       -7.0019061262938038       -5.3008080251744900      -0.32036442846785462      -0.32036442846785462      -0.32036442846785462     
   58.456802316054080        58.879763797705351        36.673116527673457        33.754661335128887        34.038822607104265        34.038822607104265        34.038822607104265        48.555686628094236        30.012550425771437        9.9997423378815000        3.5640849860159562        1.4903025187027197        1.4903025187027197        1.4903025187027197     

  0.90340625697068067       0.91429139149623451       0.62622726365625991       0.67455753453787959       0.66759875646562494       0.66759875646562494       0.66759875646562494       0.78507973571843459       0.71304685888823527       0.63822777992665547       0.61134225309281653       0.61453682710235402       0.61453682710235402       0.61453682710235402     
  0.40409290067511905       0.40952094668693628       0.31510070416810176       0.32574992410710180       0.32483034901049979       0.32483034901049979       0.32483034901049979       0.36540324995040052       0.34759763962946311       0.25036033791525414       0.26898708576786112       0.18110813937039494       0.18110813937039494       0.18110813937039494     
   4.4869537890968711        4.8286423865964831        5.3089656573395665        5.2074831193072999        5.2258936391387092        5.2258936391387092        5.2258936391387092        4.7656980564967490        4.7728491736278293        4.9513990859513637        5.0859987506501625        6.2908667147793889        6.2908667147793889        6.2908667147793889     
  -3.5159381301568686       -5.2153257921542373        2.3265248435941253        2.3827307645094962        2.1819991351499581        2.1819991351499581        2.1819991351499581       -2.6413832711767427       -1.8310807131003664        3.6590436386260308        4.2843091907512374      -0.27836337622006369      -0.27836337622006369      -0.27836337622006369     
   1.0901872418434166        1.4878025264513255       0.61228539278300786       0.36460937247299796       0.43883926658678263       0.43883926658678263       0.43883926658678263        1.1229236366300555        1.2185357351078068      -0.79114255294607716      -0.64787779348820607        1.5884660077256854        1.5884660077256854        1.5884660077256854     
   1.3958517129808854        2.8381990802910195       0.99130367802230523       0.26914826032867722       0.61431624158208820       0.61431624158208820       0.61431624158208820        1.2551948032420910       -5.0684282215598842E-002   1.8964143147764929        1.8694111121306065        4.8012532571035393        4.8012532571035393        4.8012532571035393     
   13.617961456168061        20.004340392598550       -1.1559560318389828        2.6501043303795768E-002  -9.9418367163792709E-002  -9.9418367163792709E-002  -9.9418367163792709E-002   14.082513508296969        14.007785478293684       0.70730634013753502       -8.0009132265004723E-002  0.54907871317654156       0.54907871317654156       0.54907871317654156     
  -17.438059596690181       -25.037943058633545       -3.1098144904893843       -4.0798194995782779       -3.9814107215258758       -3.9814107215258758       -3.9814107215258758       -18.720917201300239       -18.073147286010837       -9.4142577043497937       -9.3220061489043076       -1.3090554919307920       -1.3090554919307920       -1.3090554919307920     

  0.13919638079324759       0.19584753149607470       0.17332779515570254       0.16528686890083366       0.12281694876759544       0.12281694876759544       0.12281694876759544       0.14496174790910649       0.21320503960106016       0.52935077561571064       0.61285895517198052       0.15792028258824964       0.15792028258824964       0.15792028258824964     
 -0.35027527821185367      -0.31032256908391431      -0.32337776420890507      -0.32863095262640929      -0.35915589231839457      -0.35915589231839457      -0.35915589231839457      -0.35086837249906289      -0.28217374175054910       -2.5386620920436420E-002  0.34030964031463196        1.0727791122766241        1.0727791122766241        1.0727791122766241     
   11.982788561668727        11.360318435814603        8.1697615397635310        9.3698940193885676        7.1326729957336354        7.1326729957336354        7.1326729957336354        10.940616918970917        7.6589296342629289        11.368093681172873        11.669337699786812        11.937600705008732        11.937600705008732        11.937600705008732     
   5.0440714987525119        17.630908804403369        5.2675182085659280        4.3149762513531051       -16.451028864390214       -16.451028864390214       -16.451028864390214        13.863463466370298        4.6264950806858174        1.0422982963859297        6.3383915139758926        18.646721554202195        18.646721554202195        18.646721554202195     
  -1.7463782061911033       -4.0850026256218683       -2.7776347012874467       -2.3987294426960801       0.37918541617622026       0.37918541617622026       0.37918541617622026       -2.8784380234095579       -2.9894878625753094       -2.0748563915354410      -0.37008977399161580        13.411744249900806        13.411744249900806        13.411744249900806     
  0.88684942862631999       -25.132226562776779       0.43496712370118473        1.2774504619566756        57.570326569014213        57.570326569014213        57.570326569014213       -24.216259865709389        3.5277008187892278      -0.56224075901279491       -19.054235317177557        23.224830833262729        23.224830833262729        23.224830833262729     
  -10.495552548282674       -18.313557667157994       -14.266781206286595       -6.8702830687873728       -70.115558286031757       -70.115558286031757       -70.115558286031757       -6.2794427352629043       -18.781363238420312        5.7251574521337858       -12.376474996192442        24.644302381353455        24.644302381353455        24.644302381353455     
   52.184564724117166        82.867799049721299        21.128179440932371        14.621904700155497        27.142312565474498        27.142312565474498        27.142312565474498        74.559815161744496        19.530051124609429        13.779718392897493        70.501619233067686        32.852030380973872        32.852030380973872        32.852030380973872     

  0.18005997123942827       0.19226876340363988       0.18926789356827164       0.17329628652110846       0.20443912415788670       0.20443912415788670       0.20443912415788670       0.18895244283468260       0.13452552779991803       0.56130835165042381       0.60810645609301428       0.65815777095691042       0.65815777095691042       0.65815777095691042     
 -0.32074565884364797      -0.31062448212212274      -0.31309468591570999      -0.32382395787716028      -0.30643200713419766      -0.30643200713419766      -0.30643200713419766      -0.31450452243040050      -0.35949129895401144       -5.1969389967230217E-003  0.35428985288875348       0.72272627335537565       0.72272627335537565       0.72272627335537565     
   11.970109386498116        11.941209842105248        11.832355832805279        11.378503906224317        10.667275633903847        10.667275633903847        10.667275633903847        11.888828296713980        11.368566227725282        9.7419989711599406        11.948220865581298        10.304985058071214        10.304985058071214        10.304985058071214     
   9.6424171504553620        8.3526991242807043        7.8476088892119336        5.9235983216988011        16.824443159504774        16.824443159504774        16.824443159504774        12.103857619508609        6.5763850316506911        2.1513310087197404        10.128229488273213        2.5761622989583870        2.5761622989583870        2.5761622989583870     
  -3.2230906895208449       -3.2125959559348871       -3.1069335495777750       -2.6492878865094411       -4.2004247214362209       -4.2004247214362209       -4.2004247214362209       -3.5100441066955028       -2.0382667641149226       -2.2354919243703506       0.12025291629824864       -1.1383671175011685       -1.1383671175011685       -1.1383671175011685     
   11.603360370402839        13.862852901485383        14.402225446748872        15.791029754939288       -18.038433478914953       -18.038433478914953       -18.038433478914953        3.9238091210151254        12.642060238173102        3.2879668108127049       -12.810116726373749      -0.95737545904979982      -0.95737545904979982      -0.95737545904979982     
  -1.0208604266998833        5.9515941867743578        3.5300519055609669        8.5806239173863048        29.362540928138273        29.362540928138273        29.362540928138273       -2.4898601710518307        11.060722429114762        6.4802869888131767       -15.547775492469867       -2.0088029412540180       -2.0088029412540180       -2.0088029412540180     
  -42.825467876953617       -61.474852887399145       -56.331361108103494       -65.593743563040320       -48.856983795474356       -48.856983795474356       -48.856983795474356       -26.392909166437455       -59.929915446473146       -22.920997479615963        11.457722501888952       -3.9461272054436165       -3.9461272054436165       -3.9461272054436165     

  0.17450119440766648       0.17532434526571314       0.17814319610152571       0.16865776823925738       0.15103269934751551       0.15103269934751551       0.15103269934751551       0.20727970565181134       0.13715784654871879       0.29453014228753971       0.40957650083132374       0.50771048612397662       0.50771048612397662       0.50771048612397662     
 -0.31810749959279100      -0.31573344632944594      -0.31401705591611040      -0.31990427217237533      -0.33237921313533253      -0.33237921313533253      -0.33237921313533253      -0.29130684393894424      -0.33498267227622736      -0.14673661591674669       0.46035171314214707       0.95313847342551683       0.95313847342551683       0.95313847342551683     
   11.802906537702864        11.409795195260966        11.873746654123874        11.424096766533536        11.932032779232948        11.932032779232948        11.932032779232948        11.993020542602512        11.700773936263902        10.321187082969461        11.493000160900568        10.488280429294539        10.488280429294539        10.488280429294539     
   17.090511231920786        15.839490723779399        14.811441248366407        14.884532080913743        9.7370909990668935        9.7370909990668935        9.7370909990668935        16.536283044271535        4.3790605356419654        5.4766124590592717        2.8113193620625445        2.8717075656709916        2.8717075656709916        2.8717075656709916     
  -4.9730915451465236       -4.7977007544176189       -4.7367225999526141       -4.3968570115052401       -3.7008141544662934       -3.7008141544662934       -3.7008141544662934       -5.1896172003911190       -2.7095690253734688       -3.2394341023794553        1.8342224890049010       -1.0848522556804596       -1.0848522556804596       -1.0848522556804596     
  -10.449504876169996       -11.328857294628932       -6.8164479748423901       -32.412830091185697       -3.0821333844225478       -3.0821333844225478       -3.0821333844225478       -5.8526503158183374        5.7421526278801593       -4.9029022708147920       -16.523772852834938      -0.16357696192926596      -0.16357696192926596      -0.16357696192926596     
  -38.780982963130491       -25.193362918639835       -28.120360151829978        83.615110829408110       -1.3855559041880099       -1.3855559041880099       -1.3855559041880099       -46.650352984602392        2.0209884017016861        14.134023662849984       -12.852501636667071      -0.18899380138459776      -0.18899380138459776      -0.18899380138459776     
   65.102168836676952        44.785689656469430        43.764473172302786       -89.690305064313065        4.8664647192171060        4.8664647192171060        4.8664647192171060        66.673214601457175       -9.9784649757378929       -15.174428785968445        47.525860195447592      -0.15146019800147315      -0.15146019800147315      -0.15146019800147315     

   2.7748932136185798        3.1682778965599567        3.3602905611519649        3.5155265646684817        3.4420090408830628        3.4420090408830628        3.4420090408830628        1.7538029497183620        1.1342199876238190       0.89564325764811914       0.89300341353905721       0.45693489135227483       0.45693489135227483       0.45693489135227483     
 -0.36671450338572520      -0.35011537336210186      -0.34356929416882320      -0.33944967906165485      -0.34187884051097289      -0.34187884051097289      -0.34187884051097289      -0.42175728757679415      -0.48473572285340938      -0.52222006335439397      -0.37003274603839986       -2.9305389686185346E-002  -2.9305389686185346E-002  -2.9305389686185346E-002
   11.946713382742512        11.999624573979530        11.996240414266978        11.997441138414544        11.991760409483122        11.991760409483122        11.991760409483122        9.1805887539638089        8.2530815338896240        7.7768645626016157        8.4998196783423765        7.0934972772106466        7.0934972772106466        7.0934972772106466     
   29.619246455670343        31.322763563002823        34.550002212449947        38.500517999125094        34.241966151427278        34.241966151427278        34.241966151427278        7.8710585827397139        3.3828851785259246        1.0688424271070254       -2.2284335504458035        10.906060911060862        10.906060911060862        10.906060911060862     
  -6.4101325288317739       -6.9716460553312984       -7.3079137959507747       -7.7063000917170115       -7.4446330585941141       -7.4446330585941141       -7.4446330585941141       -3.6267348497463701       -2.1474486927605554       -1.4174632764641615       0.88639763518286685       -3.8089294700919609       -3.8089294700919609       -3.8089294700919609     
  -62.083101804756154       -53.414209947421043       -70.132397832680994       -87.632916017573834       -60.024768240289987       -60.024768240289987       -60.024768240289987        2.9720872661151958       -1.1042913693654697       0.32912304950534121       -2.2663067951190214        7.6790592496578824        7.6790592496578824        7.6790592496578824     
   42.328142803616402       -6.2403330910951240        35.541142475065044        71.465809940745771       -2.8500778877044866       -2.8500778877044866       -2.8500778877044866       -35.180031244320290       -2.2674028112405011        1.8526581737130954       0.67254750539272834       -19.439412404733105       -19.439412404733105       -19.439412404733105     
   32.807351389477375        88.518155505376143        49.203603056879331        20.785369482261842        89.988090016034903        89.988090016034903        89.988090016034903        44.216465355679787        9.0635057844257858        3.1312811555629168        18.569121724545013        9.8800973762441799        9.8800973762441799        9.8800973762441799     

  0.10092136803355742       0.10803818369174543       0.10523045234775592       0.10518784632880432       0.11723716990411817       0.11723716990411817       0.11723716990411817       0.12391605335110978       0.16144032112252951       0.90701852123762061       0.50591091542199296       0.44129287001312689       0.44129287001312689       0.44129287001312689     
 -0.36339851251123478      -0.35324067010597171      -0.35672218727474497      -0.35717126445684394      -0.34619486431562785      -0.34619486431562785      -0.34619486431562785      -0.33241734795799061      -0.28738807772833308       0.18401189345303903       0.62250117920617742        1.0453042690363441        1.0453042690363441        1.0453042690363441     
   11.642726898865845        11.994247501956785        11.997634067568383        11.539983815006504        11.612842560150144        11.612842560150144        11.612842560150144        11.986995579245201        11.996393002159195        11.999250281118764        11.991525988937877        10.657501585614765        10.657501585614765        10.657501585614765     
   5.8943723261469039        4.3675124053380792        3.5379850445227703        4.1891916151480686        8.0182398125423475        8.0182398125423475        8.0182398125423475        4.1591933557666252        8.7005372467503719        2.0772809714975153        3.9943783392946273        2.8692825464804379        2.8692825464804379        2.8692825464804379     
  -3.5535567340959204       -3.5044338144123230       -3.3351484074306228       -3.2953000459477408       -4.1649438654552782       -4.1649438654552782       -4.1649438654552782       -3.7372352968223836       -4.5998276274255261       -3.8834479054493372        3.6232713540300665E-002  -1.0911957250777888       -1.0911957250777888       -1.0911957250777888     
   4.1878239473886651        7.4357378343145086        8.6505148376776049       -5.7190367783901479        4.6773621302672836        4.6773621302672836        4.6773621302672836        9.8756342862457274        8.2364796916754415        6.4941774277205582       -17.320143722996292      -0.22012532721606703      -0.22012532721606703      -0.22012532721606703     
  -14.545547004579930        1.7648048025327654        3.1261572603411452        55.564854798429508       -27.905292019462308       -27.905292019462308       -27.905292019462308        1.6898955677000487       -38.496767811392601        7.7949780694284954       -15.223332395473818      -0.33427609047076601      -0.33427609047076601      -0.33427609047076601     
   17.154235515172417       -20.545621211311172       -25.209067428902827       -79.912781157190878        30.792967529742086        30.792967529742086        30.792967529742086       -29.310327647364069        34.680120257800539       -20.195525648752664        57.609825386544145      -0.49803753365307557      -0.49803753365307557      -0.49803753365307557     

   5.4181219210335044E-002   6.3944043660348726E-002   5.5061392066443872E-002   8.6659820713422472E-002   8.1998631632408225E-002   8.1998631632408225E-002   8.1998631632408225E-002   5.5489175872591848E-002  0.11908941913372229       0.44163920366192905       0.51848132286346393       -6.5757117643268276E-002  -6.5757117643268276E-002  -6.5757117643268276E-002
 -0.40522253386290197      -0.38349948650140769      -0.39994107427592263      -0.35142487990960969      -0.35825983462934508      -0.35825983462934508      -0.35825983462934508      -0.40658278463496617      -0.26922468619555773       0.13447337231925827        1.3447947649076990        1.3561544138703929        1.3561544138703929        1.3561544138703929     
   11.975467258089077        11.999990061187786        11.966745594458406        11.879840173201229        11.092443851983973        11.092443851983973        11.092443851983973        11.984355849650331        11.992403043178482        11.947441881041012        11.531588931650862        11.347408853152093        11.347408853152093        11.347408853152093     
   2.8629317897306272        4.7642715052984492        1.6375196666988572        16.446767833879946        17.822318939757949        17.822318939757949        17.822318939757949        6.7303312703473601        5.5725762446292251        2.2466872739554979        7.4250370371678223      -0.96883434333933494      -0.96883434333933494      -0.96883434333933494     
  -3.3528852695183247       -3.9639957561598749       -2.8963262177249831       -5.8427591420297915       -5.7318637093047045       -5.7318637093047045       -5.7318637093047045       -3.9129920849791375       -4.6111569077619947       -3.8191476844284438       -4.6564742851749941E-002  -3.9641348227006361       -3.9641348227006361       -3.9641348227006361     
   7.8690836601957841        10.899083767087319        2.9737293892987680       -12.334043048133040       -31.667319202523885       -31.667319202523885       -31.667319202523885        6.5886783387128531        10.983983840090403        2.9395162863552429       -10.838098298936629       -6.9980480500188804       -6.9980480500188804       -6.9980480500188804     
   8.1437504446457325       -8.3601522943903035        6.8446803464852053       -8.8050226197249657        51.661760870145628        51.661760870145628        51.661760870145628       -22.347520133137124       -9.8292778327522257        17.938862518449611       -17.818695910995658       -12.027695948424807       -12.027695948424807       -12.027695948424807     
  -20.916675255287601       -14.003450627123954        10.747356910911989        10.472777876308044       -47.417391292002698       -47.417391292002698       -47.417391292002698        18.785470057740113       -14.072850639822988       -29.544898452591745        18.513988458173415       -15.298302441410996       -15.298302441410996       -15.298302441410996     
